32704
32767
33024
33087
0,0,0,0,0,0,0,0,0,0,0,0,0,0,0,0,0,0,0,0,0,0,0,0,0,0,0,0,0,0,0,0,0,0,0,0,0,0,0,0,0,0,0,0,0,0,0,0,0,0,0,0,0,0,0,0,0,0,0,0,0,0,0,0
0,512,512,512,512,512,512,512,512,512,512,512,512,512,512,512,512,512,512,512,512,512,512,512,512,512,512,512,512,512,512,512,512,512,512,512,512,512,512,512,512,512,512,512,512,512,512,512,512,512,512,512,512,512,512,512,512,512,512,512,512,512,512,0
0,512,512,512,512,512,512,512,512,512,512,512,512,512,512,512,512,512,512,512,512,512,512,512,512,512,512,512,512,512,512,512,512,512,512,512,512,512,512,512,512,512,512,512,512,512,512,512,512,512,512,512,512,512,512,512,512,512,512,512,512,512,512,0
0,512,512,512,512,512,512,512,512,512,512,512,512,512,512,512,512,512,512,512,512,512,512,512,512,512,512,512,512,512,512,512,512,512,512,512,512,512,512,512,512,512,512,512,512,512,512,512,512,512,512,512,512,512,512,512,512,512,512,512,512,512,512,0
0,512,512,512,512,512,512,512,512,512,512,512,512,512,512,512,512,512,512,512,512,512,512,512,512,512,512,512,512,512,512,512,512,512,512,512,512,512,512,512,512,512,512,512,512,512,512,512,512,512,512,512,512,512,512,512,512,512,512,512,512,512,512,0
0,512,512,512,512,512,512,512,512,512,512,512,512,512,512,512,512,512,512,512,512,512,512,512,512,512,512,512,512,512,512,512,512,512,512,512,512,512,512,512,512,512,512,512,512,512,512,512,512,512,512,512,512,512,512,512,512,512,512,512,512,512,512,0
0,512,512,512,512,512,512,512,512,512,512,512,512,512,512,512,512,512,512,512,512,512,512,512,512,512,512,512,512,512,512,512,512,512,512,512,512,512,512,512,512,512,512,512,512,512,512,512,512,512,512,512,512,512,512,512,512,512,512,512,512,512,512,0
0,512,512,512,512,512,512,512,512,512,512,512,512,512,512,512,512,512,512,512,512,512,512,512,512,512,512,512,512,512,512,512,512,512,512,512,512,512,512,512,512,512,512,512,512,512,512,512,512,512,512,512,512,512,512,512,512,512,512,512,512,512,512,0
0,512,512,512,512,512,512,512,512,512,512,512,512,512,512,512,512,512,512,512,512,512,512,512,512,512,512,512,512,512,512,512,512,512,512,512,512,512,512,512,512,512,512,512,512,512,512,512,512,512,512,512,512,512,512,512,512,512,512,512,512,512,512,0
0,512,512,512,512,512,512,512,512,512,512,512,512,512,512,512,512,512,512,512,512,512,512,512,512,512,512,512,512,512,512,512,512,512,512,512,512,512,512,512,512,512,512,512,512,512,512,512,512,512,512,512,512,512,512,512,512,512,512,512,512,512,512,0
0,512,512,512,512,512,512,512,512,512,512,512,512,512,512,512,512,512,512,512,512,512,512,512,512,512,512,512,512,512,512,512,512,512,512,512,512,512,512,512,512,512,512,512,512,512,512,512,512,512,512,512,512,512,512,512,512,512,512,512,512,512,512,0
0,512,512,512,512,512,512,512,512,512,512,512,512,512,512,512,512,512,512,512,512,512,512,512,512,512,512,512,512,512,512,512,512,512,512,512,512,512,512,512,512,512,512,512,512,512,512,512,512,512,512,512,512,512,512,512,512,512,512,512,512,512,512,0
0,512,512,512,512,512,512,512,512,512,512,512,512,512,512,512,512,512,512,512,512,512,512,512,512,512,512,512,512,512,512,512,512,512,512,512,512,512,512,512,512,512,512,512,512,512,512,512,512,512,512,512,512,512,512,512,512,512,512,512,512,512,512,0
0,512,512,512,512,512,512,512,512,512,512,512,512,512,512,512,512,512,512,512,512,512,512,512,512,512,512,512,512,512,512,512,512,512,512,512,512,512,512,512,512,512,512,512,512,512,512,512,512,512,512,512,512,512,512,512,512,512,512,512,512,512,512,0
0,512,512,512,512,512,512,512,512,512,512,512,512,512,512,512,512,512,512,512,512,512,512,512,512,512,512,512,512,512,512,512,512,512,512,512,512,512,512,512,512,512,512,512,512,512,512,512,512,512,512,512,512,512,512,512,512,512,512,512,512,512,512,0
0,512,512,512,512,512,512,512,512,512,512,512,512,512,512,512,512,512,512,512,512,512,512,512,512,512,512,512,512,512,512,512,512,512,512,512,512,512,512,512,512,512,512,512,512,512,512,512,512,512,512,512,512,512,512,512,512,512,512,512,512,512,512,0
0,512,512,512,512,512,512,512,512,512,512,512,512,512,512,512,512,512,512,512,512,512,512,512,512,512,512,512,512,512,512,512,512,512,512,512,512,512,512,512,512,512,512,512,512,512,512,512,512,512,512,512,512,512,512,512,512,512,512,512,512,512,512,0
0,512,512,512,512,512,512,512,512,512,512,512,512,512,512,512,512,512,512,512,512,512,512,512,512,512,512,512,512,512,512,512,512,512,512,512,512,512,512,512,512,512,512,512,512,512,512,512,512,512,512,512,512,512,512,512,512,512,512,512,512,512,512,0
0,512,512,512,512,512,512,512,512,512,512,512,512,512,512,512,512,512,512,512,512,512,512,512,512,512,512,512,512,512,512,512,512,512,512,512,512,512,512,512,512,512,512,512,512,512,512,512,512,512,512,512,512,512,512,512,512,512,512,512,512,512,512,0
0,512,512,512,512,512,512,512,512,512,512,512,512,512,512,512,512,512,512,512,550,622,622,622,622,622,622,622,618,512,512,614,618,512,512,614,622,622,622,618,512,512,512,512,512,512,512,512,512,512,512,512,512,512,512,512,512,512,512,512,512,512,512,0
0,512,512,512,512,512,512,512,512,512,512,512,512,512,512,512,512,512,512,512,567,767,767,767,767,767,767,767,751,750,638,639,751,750,638,639,767,767,767,751,746,512,512,512,512,512,512,512,512,512,512,512,512,512,512,512,512,512,512,512,512,512,512,0
0,512,512,512,512,512,512,512,512,512,512,512,512,512,512,512,512,512,512,512,567,767,767,767,767,767,767,767,767,767,767,767,767,767,767,767,767,767,767,767,751,714,512,512,512,512,512,512,512,512,512,512,512,512,512,512,512,512,512,512,512,512,512,0
0,512,512,512,512,512,512,512,512,512,512,512,512,512,512,512,512,512,512,512,567,767,767,767,767,767,735,733,701,703,767,767,767,767,767,767,767,767,767,767,767,715,512,512,512,512,512,512,512,512,512,512,512,512,512,512,512,512,512,512,512,512,512,0
0,512,512,512,512,512,512,512,512,512,512,512,512,512,512,512,512,512,512,512,567,767,767,767,767,767,763,512,512,759,767,767,767,767,767,767,767,767,767,767,767,747,512,512,512,512,512,512,512,512,512,512,512,512,512,512,512,512,512,512,512,512,512,0
0,512,512,512,512,512,512,512,512,512,512,512,512,512,512,512,512,512,512,512,567,767,767,767,767,767,751,750,638,639,767,767,767,767,767,767,767,767,767,767,767,751,750,586,512,512,512,512,512,512,512,512,512,512,512,512,512,512,512,512,512,512,512,0
0,512,512,512,512,512,512,512,512,512,512,512,512,512,512,512,512,512,512,512,567,767,767,767,767,767,767,767,767,767,767,767,767,767,767,767,767,767,735,733,669,701,703,715,512,512,512,512,512,512,512,512,512,512,512,512,512,512,512,512,512,512,512,0
0,512,512,512,512,512,512,512,512,512,512,512,512,512,512,512,512,512,512,512,567,767,767,767,767,767,767,767,767,767,767,767,767,767,767,767,767,767,763,512,512,512,695,715,512,512,512,512,512,512,512,512,512,512,512,512,512,512,512,512,512,512,512,0
0,512,512,512,512,512,512,512,512,512,512,512,512,512,512,512,512,512,512,512,567,767,767,767,767,767,767,767,767,767,767,767,767,767,767,767,767,767,751,714,512,512,567,715,512,512,512,512,512,512,512,512,512,512,512,512,512,512,512,512,512,512,512,0
0,512,512,512,512,512,512,512,512,512,512,512,512,512,512,512,512,512,512,512,567,767,767,767,767,767,767,767,767,767,767,767,767,767,767,767,767,767,767,715,512,512,567,715,512,512,512,512,512,512,512,512,512,512,512,512,512,512,512,512,512,512,512,0
0,512,512,512,512,512,512,512,512,512,512,512,512,512,512,512,512,512,512,512,567,767,767,767,767,767,767,767,767,767,767,767,767,767,767,767,767,767,767,747,512,512,631,715,512,512,512,512,512,512,512,512,512,512,512,512,512,512,512,512,512,512,512,0
0,512,512,512,512,512,512,512,512,512,512,512,512,512,512,512,512,512,512,512,567,767,767,767,767,767,767,767,767,767,767,767,767,767,767,767,767,767,767,751,750,638,639,715,512,512,512,512,512,512,512,512,512,512,512,512,512,512,512,512,512,512,512,0
0,512,512,512,512,512,512,512,512,512,512,512,512,512,512,512,512,512,512,512,567,767,767,767,767,767,767,767,767,767,767,767,767,767,767,767,767,767,767,767,767,767,767,715,512,512,512,512,512,512,512,512,512,512,512,512,512,512,512,512,512,512,512,0
0,512,512,512,512,512,512,512,512,512,512,512,512,512,512,512,512,512,512,512,567,767,767,767,767,767,767,767,767,767,767,767,767,767,767,767,767,767,767,767,767,767,767,715,512,512,512,512,512,512,512,512,512,512,512,512,512,512,512,512,512,512,512,0
0,512,512,512,512,512,512,512,512,512,512,512,512,512,512,512,512,512,512,512,567,767,767,767,767,767,767,767,767,767,767,767,767,767,767,767,767,767,767,767,767,767,767,715,512,512,512,512,512,512,512,512,512,512,512,512,512,512,512,512,512,512,512,0
0,512,512,512,512,512,512,512,512,512,512,512,512,512,512,512,512,512,512,512,567,767,767,767,767,767,767,767,767,767,767,767,767,767,767,767,767,767,767,767,767,767,767,715,512,512,512,512,512,512,512,512,512,512,512,512,512,512,512,512,512,512,512,0
0,512,512,512,512,512,512,512,512,512,512,512,512,512,512,512,512,512,512,512,567,767,767,767,767,767,767,767,767,767,767,767,767,767,767,767,767,767,767,767,767,767,767,715,512,512,512,512,512,512,512,512,512,512,512,512,512,512,512,512,512,512,512,0
0,512,512,512,512,512,512,512,512,512,512,512,512,512,512,512,512,512,512,512,567,767,767,767,767,767,767,767,767,767,767,767,767,767,767,767,767,767,767,767,767,767,767,715,512,512,512,512,512,512,512,512,512,512,512,512,512,512,512,512,512,512,512,0
0,512,512,512,512,512,512,512,512,512,512,512,512,512,512,512,512,512,512,512,567,767,767,767,767,767,767,767,767,767,767,767,767,767,767,767,767,767,767,767,767,767,767,715,512,512,512,512,512,512,512,512,512,512,512,512,512,512,512,512,512,512,512,0
0,512,512,512,512,512,512,512,512,512,512,512,512,512,512,512,512,512,512,512,567,767,767,767,767,767,767,767,767,767,767,767,767,767,767,767,767,767,767,767,767,767,767,715,512,512,512,512,512,512,512,512,512,512,512,512,512,512,512,512,512,512,512,0
0,512,512,512,512,512,512,512,512,512,512,512,512,512,512,512,512,512,512,512,567,767,767,767,767,767,767,767,767,767,767,767,767,767,767,767,767,767,767,767,767,767,767,715,512,512,512,512,512,512,512,512,512,512,512,512,512,512,512,512,512,512,512,0
0,512,512,512,512,512,512,512,512,512,512,512,512,512,512,512,512,512,512,512,567,767,767,767,767,767,767,767,767,767,767,767,767,767,767,767,767,767,767,767,735,765,703,715,512,512,512,512,512,512,512,512,512,512,512,512,512,512,512,512,512,512,512,0
0,512,512,512,512,512,512,512,512,512,512,512,512,512,512,512,512,512,512,512,567,767,767,767,767,767,767,767,767,767,767,767,767,767,767,767,767,767,767,767,731,512,695,715,512,512,512,512,512,512,512,512,512,512,512,512,512,512,512,512,512,512,512,0
0,512,512,512,512,512,512,512,512,512,512,512,512,512,512,512,512,512,512,512,567,767,767,767,767,767,767,767,767,767,767,767,767,767,767,767,767,767,767,767,747,512,631,715,512,512,512,512,512,512,512,512,512,512,512,512,512,512,512,512,512,512,512,0
0,512,512,512,512,512,512,512,512,512,512,512,512,512,512,512,512,512,512,512,533,669,669,669,669,669,669,669,669,669,669,669,669,669,669,669,669,669,669,669,653,668,541,649,512,512,512,512,512,512,512,512,512,512,512,512,512,512,512,512,512,512,512,0
0,512,512,512,512,512,512,512,512,512,512,512,512,512,512,512,512,512,512,512,512,512,512,512,512,512,512,512,512,512,512,512,512,512,512,512,512,512,512,512,512,512,512,512,512,512,512,512,512,512,512,512,512,512,512,512,512,512,512,512,512,512,512,0
0,512,512,512,512,512,512,512,512,512,512,512,512,512,512,512,512,512,512,512,512,512,512,512,512,512,512,512,512,512,512,512,512,512,512,512,512,512,512,512,512,512,512,512,512,512,512,512,512,512,512,512,512,512,512,512,512,512,512,512,512,512,512,0
0,512,512,512,512,512,512,512,512,512,512,512,512,512,512,512,512,512,512,512,512,512,512,512,512,512,512,512,512,512,512,512,512,512,512,512,512,512,512,512,512,512,512,512,512,512,512,512,512,512,512,512,512,512,512,512,512,512,512,512,512,512,512,0
0,512,512,512,512,512,512,512,512,512,512,512,512,512,512,512,512,512,512,512,512,512,512,512,512,512,512,512,512,512,512,512,512,512,512,512,512,512,512,512,512,512,512,512,512,512,512,512,512,512,512,512,512,512,512,512,512,512,512,512,512,512,512,0
0,512,512,512,512,512,512,512,512,512,512,512,512,512,512,512,512,512,512,512,512,512,512,512,512,512,512,512,512,512,512,512,512,512,512,512,512,512,512,512,512,512,512,512,512,512,512,512,512,512,512,512,512,512,512,512,512,512,512,512,512,512,512,0
0,512,512,512,512,512,512,512,512,512,512,512,512,512,512,512,512,512,512,512,512,512,512,512,512,512,512,512,512,512,512,512,512,512,512,512,512,512,512,512,512,512,512,512,512,512,512,512,512,512,512,512,512,512,512,512,512,512,512,512,512,512,512,0
0,512,512,512,512,512,512,512,512,512,512,512,512,512,512,512,512,512,512,512,512,512,512,512,512,512,512,512,512,512,512,512,512,512,512,512,512,512,512,512,512,512,512,512,512,512,512,512,512,512,512,512,512,512,512,512,512,512,512,512,512,512,512,0
0,512,512,512,512,512,512,512,512,512,512,512,512,512,512,512,512,512,512,512,512,512,512,512,512,512,512,512,512,512,512,512,512,512,512,512,512,512,512,512,512,512,512,512,512,512,512,512,512,512,512,512,512,512,512,512,512,512,512,512,512,512,512,0
0,512,512,512,512,512,512,512,512,512,512,512,512,512,512,512,512,512,512,512,512,512,512,512,512,512,512,512,512,512,512,512,512,512,512,512,512,512,512,512,512,512,512,512,512,512,512,512,512,512,512,512,512,512,512,512,512,512,512,512,512,512,512,0
0,512,512,512,512,512,512,512,512,512,512,512,512,512,512,512,512,512,512,512,512,512,512,512,512,512,512,512,512,512,512,512,512,512,512,512,512,512,512,512,512,512,512,512,512,512,512,512,512,512,512,512,512,512,512,512,512,512,512,512,512,512,512,0
0,512,512,512,512,512,512,512,512,512,512,512,512,512,512,512,512,512,512,512,512,512,512,512,512,512,512,512,512,512,512,512,512,512,512,512,512,512,512,512,512,512,512,512,512,512,512,512,512,512,512,512,512,512,512,512,512,512,512,512,512,512,512,0
0,512,512,512,512,512,512,512,512,512,512,512,512,512,512,512,512,512,512,512,512,512,512,512,512,512,512,512,512,512,512,512,512,512,512,512,512,512,512,512,512,512,512,512,512,512,512,512,512,512,512,512,512,512,512,512,512,512,512,512,512,512,512,0
0,512,512,512,512,512,512,512,512,512,512,512,512,512,512,512,512,512,512,512,512,512,512,512,512,512,512,512,512,512,512,512,512,512,512,512,512,512,512,512,512,512,512,512,512,512,512,512,512,512,512,512,512,512,512,512,512,512,512,512,512,512,512,0
0,512,512,512,512,512,512,512,512,512,512,512,512,512,512,512,512,512,512,512,512,512,512,512,512,512,512,512,512,512,512,512,512,512,512,512,512,512,512,512,512,512,512,512,512,512,512,512,512,512,512,512,512,512,512,512,512,512,512,512,512,512,512,0
0,512,512,512,512,512,512,512,512,512,512,512,512,512,512,512,512,512,512,512,512,512,512,512,512,512,512,512,512,512,512,512,512,512,512,512,512,512,512,512,512,512,512,512,512,512,512,512,512,512,512,512,512,512,512,512,512,512,512,512,512,512,512,0
0,512,512,512,512,512,512,512,512,512,512,512,512,512,512,512,512,512,512,512,512,512,512,512,512,512,512,512,512,512,512,512,512,512,512,512,512,512,512,512,512,512,512,512,512,512,512,512,512,512,512,512,512,512,512,512,512,512,512,512,512,512,512,0
0,512,512,512,512,512,512,512,512,512,512,512,512,512,512,512,512,512,512,512,512,512,512,512,512,512,512,512,512,512,512,512,512,512,512,512,512,512,512,512,512,512,512,512,512,512,512,512,512,512,512,512,512,512,512,512,512,512,512,512,512,512,512,0
0,512,512,512,512,512,512,512,512,512,512,512,512,512,512,512,512,512,512,512,512,512,512,512,512,512,512,512,512,512,512,512,512,512,512,512,512,512,512,512,512,512,512,512,512,512,512,512,512,512,512,512,512,512,512,512,512,512,512,512,512,512,512,0
0,512,512,512,512,512,512,512,512,512,512,512,512,512,512,512,512,512,512,512,512,512,512,512,512,512,512,512,512,512,512,512,512,512,512,512,512,512,512,512,512,512,512,512,512,512,512,512,512,512,512,512,512,512,512,512,512,512,512,512,512,512,512,0
0,0,0,0,0,0,0,0,0,0,0,0,0,0,0,0,0,0,0,0,0,0,0,0,0,0,0,0,0,0,0,0,0,0,0,0,0,0,0,0,0,0,0,0,0,0,0,0,0,0,0,0,0,0,0,0,0,0,0,0,0,0,0,0
