32704
32831
32704
32831
0,0,0,0,0,0,0,0,0,0,0,0,0,0,0,0,0,0,0,0,0,0,0,0,0,0,0,0,0,0,0,0,0,0,0,0,0,0,0,0,0,0,0,0,0,0,0,0,0,0,0,0,0,0,0,0,0,0,0,0,0,0,0,0,0,0,0,0,0,0,0,0,0,0,0,0,0,0,0,0,0,0,0,0,0,0,0,0,0,0,0,0,0,0,0,0,0,0,0,0,0,0,0,0,0,0,0,0,0,0,0,0,0,0,0,0,0,0,0,0,0,0,0,0,0,0,0,0
0,256,256,256,256,256,256,256,256,256,256,256,256,256,256,256,256,256,256,256,256,256,256,256,256,256,256,256,256,256,256,256,256,256,256,256,256,256,256,256,256,256,256,256,256,256,256,256,256,256,256,256,256,256,256,256,256,256,256,256,256,256,256,256,256,256,256,256,256,256,256,256,256,256,256,256,256,256,256,256,256,256,256,256,256,256,256,256,256,256,256,256,256,256,256,256,256,256,256,256,256,256,256,256,256,256,256,256,256,256,256,256,256,256,256,256,256,256,256,256,256,256,256,256,256,256,256,0
0,256,256,256,256,256,256,256,256,256,256,256,256,256,256,256,256,256,256,256,256,256,256,256,256,256,256,256,256,256,256,256,256,256,256,256,256,256,256,256,256,256,256,256,256,256,256,256,256,256,256,256,256,256,256,256,256,256,256,256,256,256,256,256,256,256,256,256,256,256,256,256,256,256,256,256,256,256,256,256,256,256,256,256,256,256,256,256,256,256,256,256,256,256,256,256,256,256,256,256,256,256,256,256,256,256,256,256,256,256,256,256,256,256,256,256,256,256,256,256,256,256,256,256,256,256,256,0
0,256,256,256,256,256,256,256,256,256,256,256,256,256,256,256,256,256,256,256,256,256,256,256,256,256,256,256,256,256,256,256,256,256,256,256,256,256,256,256,256,256,256,256,256,256,256,256,256,256,256,256,256,256,256,256,256,256,256,256,256,256,256,256,256,256,256,256,256,256,256,256,256,256,256,256,256,256,256,256,256,256,256,256,256,256,256,256,256,256,256,256,256,256,256,256,256,256,256,256,256,256,256,256,256,256,256,256,256,256,256,256,256,256,256,256,256,256,256,256,256,256,256,256,256,256,256,0
0,256,256,256,256,256,256,256,256,256,256,256,256,256,256,256,256,256,256,256,256,256,256,256,256,256,256,256,256,256,256,256,256,256,256,256,256,256,256,256,256,256,256,256,256,256,256,256,256,256,256,256,256,256,256,256,256,256,256,256,256,256,256,256,256,256,256,256,256,256,256,256,256,256,256,256,256,256,256,256,256,256,256,256,256,256,256,256,256,256,256,256,256,256,256,256,256,256,256,256,256,256,256,256,256,256,256,256,256,256,256,256,256,256,256,256,256,256,256,256,256,256,256,256,256,256,256,0
0,256,256,256,256,256,256,256,256,256,256,256,256,256,256,256,256,256,256,256,256,256,256,256,256,256,256,256,256,256,256,256,256,256,256,256,256,256,256,256,256,256,256,256,256,256,256,256,256,256,256,256,256,256,256,256,256,256,256,256,256,256,256,256,256,256,256,256,256,256,256,256,256,256,256,256,256,256,256,256,256,256,256,256,256,256,256,256,256,256,256,256,256,256,256,256,256,256,256,256,256,256,256,256,256,256,256,256,256,256,256,256,256,256,256,256,256,256,256,256,256,256,256,256,256,256,256,0
0,256,256,256,256,256,256,256,256,256,256,256,256,256,256,256,256,256,256,256,256,256,256,256,256,256,256,256,256,256,256,256,256,256,256,256,256,256,256,256,256,256,256,256,256,256,256,256,256,256,256,256,256,256,256,256,256,256,256,256,256,256,256,256,256,256,256,256,256,256,256,256,256,256,256,256,256,256,256,256,256,256,256,256,256,256,256,256,256,256,256,256,256,256,256,256,256,256,256,256,256,256,256,256,256,256,256,256,256,256,256,256,256,256,256,256,256,256,256,256,256,256,256,256,256,256,256,0
0,256,256,256,256,256,256,256,256,256,256,256,256,256,256,256,256,256,256,256,256,256,256,256,256,256,256,256,256,256,256,256,256,256,256,256,256,256,256,256,256,256,256,256,256,256,256,256,256,256,256,256,256,256,256,256,256,256,256,256,256,256,256,256,256,256,256,256,256,256,256,256,256,256,256,256,256,256,256,256,256,256,256,256,256,256,256,256,256,256,256,256,256,256,256,256,256,256,256,256,256,256,256,256,256,256,256,256,256,256,256,256,256,256,256,256,256,256,256,256,256,256,256,256,256,256,256,0
0,256,256,256,256,256,256,256,256,256,256,256,256,256,256,256,256,256,256,256,256,256,256,256,256,256,256,256,256,256,256,256,256,256,256,256,256,256,256,256,256,256,256,256,256,256,256,256,256,256,256,256,256,256,256,256,256,256,256,256,256,256,256,256,256,256,256,256,256,256,256,256,256,256,256,256,256,256,256,256,256,256,256,256,256,256,256,256,256,256,256,256,256,256,256,256,256,256,256,256,256,256,256,256,256,256,256,256,256,256,256,256,256,256,256,256,256,256,256,256,256,256,256,256,256,256,256,0
0,256,256,256,256,256,256,256,256,256,256,256,256,256,256,256,256,256,256,256,256,256,256,256,256,256,256,256,256,256,256,256,256,256,256,256,256,256,256,256,256,256,256,256,256,256,256,256,256,256,256,256,256,256,256,256,256,256,256,256,256,256,256,256,256,256,256,256,256,256,256,256,256,256,256,256,256,256,256,256,256,256,256,256,256,256,256,256,256,256,256,256,256,256,256,256,256,256,256,256,256,256,256,256,256,256,256,256,256,256,256,256,256,256,256,256,256,256,256,256,256,256,256,256,256,256,256,0
0,256,256,256,256,256,256,256,256,256,256,256,256,256,256,256,256,256,256,256,256,256,256,256,256,256,256,256,256,256,256,256,256,256,256,256,256,256,256,256,256,256,256,256,256,256,256,256,256,256,256,256,256,256,256,256,256,256,256,256,256,256,256,256,256,256,256,256,256,256,256,256,256,256,256,256,256,256,256,256,256,256,256,256,256,256,256,256,256,256,256,256,256,256,256,256,256,256,256,256,256,256,256,256,256,256,256,256,256,256,256,256,256,256,256,256,256,256,256,256,256,256,256,256,256,256,256,0
0,256,256,256,256,256,256,256,256,256,256,256,256,256,256,256,256,256,256,256,256,256,256,256,256,256,256,256,256,256,256,256,256,256,256,256,256,256,256,256,256,256,256,256,256,256,256,256,256,256,256,256,256,256,256,256,256,256,256,256,256,256,256,256,256,256,256,256,256,256,256,256,256,256,256,256,256,256,256,256,256,256,256,256,256,256,256,256,256,256,256,256,256,256,256,256,256,256,256,256,256,256,256,256,256,256,256,256,256,256,256,256,256,256,256,256,256,256,256,256,256,256,256,256,256,256,256,0
0,256,256,256,256,256,256,256,256,256,256,256,256,256,256,256,256,256,256,256,256,256,256,256,256,256,256,256,256,256,256,256,256,256,256,256,256,256,256,256,256,256,256,256,256,256,256,256,256,256,256,256,256,256,256,256,256,256,256,256,256,256,256,256,256,256,256,256,256,256,256,256,256,256,256,256,256,256,256,256,256,256,256,256,256,256,256,256,256,256,256,256,256,256,256,256,256,256,256,256,256,256,256,256,256,256,256,256,256,256,256,256,256,256,256,256,256,256,256,256,256,256,256,256,256,256,256,0
0,256,256,256,256,256,256,256,256,256,256,256,256,256,256,256,256,256,256,256,256,256,256,256,256,256,256,256,256,256,256,256,256,256,256,256,256,256,256,256,256,256,256,256,256,256,256,256,256,256,256,256,256,256,256,256,256,256,256,256,256,256,256,256,256,256,256,256,256,256,256,256,256,256,256,256,256,256,256,256,256,256,256,256,256,256,256,256,256,256,256,256,256,256,256,256,256,256,256,256,256,256,256,256,256,256,256,256,256,256,256,256,256,256,256,256,256,256,256,256,256,256,256,256,256,256,256,0
0,256,256,256,256,256,256,256,256,256,256,256,256,256,256,256,256,256,256,256,256,256,256,256,256,256,256,256,256,256,256,256,256,256,256,256,256,256,256,256,256,256,256,256,256,256,256,256,256,256,256,256,256,256,256,256,256,256,256,256,256,256,256,256,256,256,256,256,256,256,256,256,256,256,256,256,256,256,256,256,256,256,256,256,256,256,256,256,256,256,256,256,256,256,256,256,256,256,256,256,256,256,256,256,256,256,256,256,256,256,256,256,256,256,256,256,256,256,256,256,256,256,256,256,256,256,256,0
0,256,256,256,256,256,256,256,256,256,256,256,256,256,256,256,256,256,256,256,256,256,256,256,256,256,256,256,256,256,256,256,256,256,256,256,256,256,256,256,256,256,256,256,256,256,256,256,256,256,256,256,256,256,256,256,256,256,256,256,256,256,256,256,256,256,256,256,256,256,256,256,256,256,256,256,256,256,256,256,256,256,256,256,256,256,256,256,256,256,256,256,256,256,256,256,256,256,256,256,256,256,256,256,256,256,256,256,256,256,256,256,256,256,256,256,256,256,256,256,256,256,256,256,256,256,256,0
0,256,256,256,256,256,256,256,256,256,256,256,256,256,256,256,256,256,256,256,256,256,256,256,256,256,256,256,256,256,256,256,256,256,256,256,256,256,256,256,256,256,256,256,256,256,256,256,256,256,256,256,256,256,256,256,256,256,256,256,256,256,256,256,256,256,256,256,256,256,256,256,256,256,256,256,256,256,256,256,256,256,256,256,256,256,256,256,256,256,256,256,256,256,256,256,256,256,256,256,256,256,256,256,256,256,256,256,256,256,256,256,256,256,256,256,256,256,256,256,256,256,256,256,256,256,256,0
0,256,256,256,256,256,256,256,256,256,256,256,256,256,256,256,256,256,256,256,256,256,256,256,256,256,256,256,256,256,256,256,256,256,256,256,256,256,256,256,256,256,256,256,256,256,256,256,256,256,256,256,256,256,256,256,256,256,256,256,256,256,256,256,256,256,256,256,256,256,256,256,256,256,256,256,256,256,256,256,256,256,256,256,256,256,256,256,256,256,256,256,256,256,256,256,256,256,256,256,256,256,256,256,256,256,256,256,256,256,256,256,256,256,256,256,256,256,256,256,256,256,256,256,256,256,256,0
0,256,256,256,256,256,256,256,256,256,256,256,256,256,256,256,256,256,256,256,256,256,256,256,256,256,256,256,256,256,256,256,256,256,256,256,256,256,256,256,256,256,256,256,256,256,256,256,256,256,294,366,366,334,328,256,256,256,256,256,256,256,358,366,366,366,366,366,366,366,366,366,366,366,366,366,366,366,366,366,366,366,366,366,366,330,256,256,256,256,256,256,358,366,366,366,366,366,366,366,366,366,366,330,256,256,256,256,256,256,256,256,256,256,256,256,256,256,256,256,256,256,256,256,256,256,256,0
0,256,256,256,256,256,256,256,256,256,256,256,256,256,256,256,256,256,256,256,256,256,256,256,256,256,256,256,256,256,256,256,256,256,256,256,256,256,256,256,256,256,256,256,256,256,256,256,256,256,311,511,479,473,256,256,256,256,256,256,256,374,383,511,511,511,511,511,511,511,511,511,511,511,511,511,511,511,511,511,511,511,511,511,511,491,256,256,256,256,256,374,383,511,511,511,511,511,511,511,511,511,511,459,256,256,256,256,256,256,256,256,256,256,256,256,256,256,256,256,256,256,256,256,256,256,256,0
0,256,256,256,256,256,256,256,256,256,256,256,256,256,256,256,256,256,256,256,256,256,256,256,256,256,256,256,256,256,256,256,256,256,256,256,256,256,256,256,256,256,256,256,256,256,256,256,256,256,311,511,475,256,256,256,256,256,256,256,374,383,511,511,511,511,511,511,511,511,511,511,511,511,511,511,511,511,511,511,511,511,511,511,511,495,490,256,256,256,374,383,511,511,511,511,511,511,511,511,511,511,511,459,256,256,256,256,256,256,256,256,256,256,256,256,256,256,256,256,256,256,256,256,256,256,256,0
0,256,256,256,256,256,256,256,256,256,256,256,256,256,256,256,256,256,256,256,256,256,256,256,256,256,256,256,256,256,256,256,256,256,256,256,256,256,256,256,256,256,256,256,256,256,256,256,256,256,311,511,459,256,256,256,260,268,268,284,285,413,413,413,445,447,511,511,511,511,511,511,511,511,511,511,511,511,511,511,511,511,511,511,511,511,495,494,366,382,351,477,413,413,413,413,413,445,447,511,511,511,511,459,256,256,256,256,256,256,256,256,256,256,256,256,256,256,256,256,256,256,256,256,256,256,256,0
0,256,256,256,256,256,256,256,256,256,256,256,256,256,256,256,256,256,256,256,256,256,256,256,358,366,366,366,366,366,330,256,256,256,256,256,256,256,256,256,256,256,256,256,256,256,256,256,256,256,311,511,459,256,256,256,256,256,256,256,256,256,256,256,256,439,511,511,511,479,477,413,413,413,413,413,413,413,413,413,413,413,445,447,511,511,511,511,511,479,473,256,256,256,256,256,256,256,437,447,511,511,511,491,256,256,256,256,256,256,256,256,256,256,256,256,256,256,256,256,256,256,256,256,256,256,256,0
0,256,256,256,256,256,256,256,256,256,256,256,256,256,256,256,256,256,256,256,256,256,256,374,383,511,511,511,511,511,459,256,256,256,256,256,256,256,256,256,294,366,366,330,256,256,256,256,256,256,311,511,491,256,256,256,256,256,256,256,256,256,256,256,256,311,511,511,479,473,256,256,256,256,256,256,256,256,256,256,256,256,256,439,511,511,511,511,479,473,256,256,256,256,256,256,256,256,256,439,511,511,511,495,490,256,256,256,256,256,256,256,256,256,256,256,256,256,256,256,256,256,256,256,256,256,256,0
0,256,256,256,256,256,256,256,256,256,256,256,256,256,256,256,256,256,256,256,256,256,374,383,511,511,511,511,511,511,459,256,256,256,256,256,256,256,256,256,311,511,511,459,256,256,256,256,256,256,375,511,495,490,256,256,256,256,256,256,256,256,256,256,256,375,511,479,473,256,256,256,256,256,256,256,256,256,256,256,256,256,256,375,479,477,413,413,409,256,256,256,256,256,256,256,256,256,256,311,511,511,511,511,495,494,366,366,366,330,256,256,256,256,256,256,256,256,256,256,256,256,256,256,256,256,256,0
0,256,256,256,256,256,256,256,256,256,256,256,256,256,256,256,256,256,256,256,256,310,383,511,511,511,511,511,511,511,459,256,256,256,256,256,256,256,256,256,311,511,511,491,256,256,256,256,256,374,383,511,511,495,494,366,366,366,366,366,366,366,366,366,382,383,511,475,256,256,256,256,256,256,256,256,256,256,256,256,256,256,374,351,473,256,256,256,256,256,256,256,358,366,334,328,256,256,256,311,511,511,511,511,511,511,511,511,511,459,256,256,256,256,256,256,256,256,256,256,256,256,256,256,256,256,256,0
0,256,256,256,256,256,256,256,256,256,256,256,256,256,256,256,256,256,256,256,256,311,511,511,511,511,511,511,511,511,459,256,256,256,256,256,256,256,256,256,375,511,511,495,490,256,256,256,374,383,511,511,511,511,511,511,511,511,511,511,511,511,511,511,511,511,511,459,256,256,256,294,366,366,366,366,366,366,366,366,366,382,351,473,256,256,256,256,256,256,256,374,383,479,473,256,256,256,256,375,511,511,511,511,511,511,479,477,413,393,256,256,256,256,256,256,256,256,256,256,256,256,256,256,256,256,256,0
0,256,256,256,256,256,256,256,256,256,256,256,256,256,256,256,256,256,256,256,256,311,511,479,477,413,445,511,511,511,491,256,256,256,256,256,256,256,256,374,383,511,511,511,495,494,366,382,383,511,511,511,511,511,511,511,511,511,511,511,511,511,511,511,511,511,511,459,256,256,256,311,511,511,511,511,511,511,511,511,511,511,475,256,256,256,256,256,256,256,374,383,479,473,256,256,256,256,374,383,511,511,511,511,511,479,473,256,256,256,256,256,256,256,256,256,256,256,256,256,256,256,256,256,256,256,256,0
0,256,256,256,256,256,256,256,256,256,256,256,256,256,256,256,256,256,256,256,256,311,511,475,256,256,308,447,511,511,495,490,256,256,256,256,256,256,374,383,511,511,511,511,511,511,511,511,511,511,511,479,477,413,413,413,413,413,413,413,445,447,511,511,511,511,479,457,256,256,256,311,511,511,511,511,511,511,511,511,511,511,459,256,256,256,294,366,366,382,383,511,475,256,256,256,256,374,383,511,511,511,511,511,479,473,256,256,256,256,256,256,256,256,256,256,256,256,256,256,256,256,256,256,256,256,256,0
0,256,256,256,256,256,256,256,256,256,256,256,256,256,256,256,256,256,256,256,256,311,511,491,256,256,256,503,511,511,511,495,494,366,366,366,366,382,383,511,511,511,511,511,511,511,511,511,511,511,479,473,256,256,256,256,256,256,256,256,256,437,447,511,511,479,473,256,256,256,256,375,511,511,511,511,511,511,511,511,511,511,459,256,256,256,311,511,511,511,511,511,459,256,256,256,310,383,511,511,511,511,511,511,475,256,256,256,256,256,256,256,256,256,256,256,256,256,256,256,256,256,256,256,256,256,256,0
0,256,256,256,256,256,256,256,256,256,256,256,256,256,256,256,256,256,256,256,256,311,511,495,494,366,382,383,511,511,511,511,511,479,477,413,413,413,413,413,445,447,511,511,511,511,511,511,511,479,473,256,256,256,256,256,256,256,256,256,256,256,439,511,479,473,256,256,256,256,374,383,479,477,413,413,413,413,413,445,447,511,459,256,256,256,311,511,511,511,511,511,459,256,256,256,311,511,511,511,511,511,511,511,459,256,256,256,256,256,256,256,256,256,256,256,256,256,256,256,256,256,256,256,256,256,256,0
0,256,256,256,256,256,256,256,256,256,256,256,256,256,256,256,256,256,256,256,256,277,413,413,413,413,413,445,447,511,511,511,479,473,256,256,256,256,256,256,256,439,511,511,479,477,413,445,447,475,256,256,256,256,256,256,256,256,256,256,256,256,277,413,409,256,256,256,256,374,383,479,473,256,256,256,256,256,256,256,437,447,459,256,256,256,277,413,445,447,511,511,459,256,256,256,277,445,447,511,511,511,511,511,459,256,256,256,256,256,256,256,256,256,256,256,256,256,256,256,256,256,256,256,256,256,256,0
0,256,256,256,256,256,256,256,256,256,256,256,256,256,256,256,256,256,256,256,256,256,256,256,256,256,256,256,437,447,511,479,473,256,256,256,256,256,256,256,256,375,511,511,475,256,256,256,439,459,256,256,256,294,366,366,366,366,330,256,256,256,256,256,256,256,256,256,374,383,479,473,256,256,256,256,256,256,256,256,256,439,459,256,256,256,256,256,256,437,447,511,459,256,256,256,256,256,437,447,511,511,511,511,459,256,256,256,256,256,256,256,256,256,256,256,256,256,256,256,256,256,256,256,256,256,256,0
0,256,256,256,256,256,256,256,256,256,256,256,256,256,256,256,256,256,256,256,256,256,256,256,256,256,256,256,256,439,511,475,256,256,256,256,256,256,256,256,374,383,511,511,459,256,256,256,311,459,256,256,256,311,511,511,511,511,491,256,256,256,256,256,256,256,256,374,383,479,473,256,256,256,256,256,256,256,256,256,256,311,491,256,256,256,256,256,256,256,439,511,491,256,256,256,256,256,256,439,511,511,511,511,459,256,256,256,256,256,256,256,256,256,256,256,256,256,256,256,256,256,256,256,256,256,256,0
0,256,256,256,256,256,256,256,256,256,256,256,256,256,256,256,256,256,256,256,256,256,256,256,256,256,256,256,256,311,511,459,256,256,256,294,366,366,366,382,351,477,413,413,393,256,256,256,311,459,256,256,256,311,511,511,511,511,495,490,256,256,256,256,256,256,374,383,479,473,256,256,256,256,358,366,366,330,256,256,256,311,495,490,256,256,256,256,256,256,311,511,495,490,256,256,256,256,256,311,511,511,511,511,459,256,256,256,256,256,256,256,256,256,256,256,256,256,256,256,256,256,256,256,256,256,256,0
0,256,256,256,256,256,256,256,256,256,256,256,256,256,256,256,256,256,256,256,256,256,256,256,256,256,256,256,256,311,511,459,256,256,256,311,511,511,511,479,473,256,256,256,256,256,256,256,375,459,256,256,256,311,511,511,511,511,511,495,494,366,366,366,366,382,383,479,473,256,256,256,256,374,383,511,511,459,256,256,256,311,511,495,494,366,330,256,256,256,311,511,511,495,494,330,256,256,256,311,511,511,511,511,491,256,256,256,256,256,256,256,256,256,256,256,256,256,256,256,256,256,256,256,256,256,256,0
0,256,256,256,256,256,256,256,256,256,256,256,256,256,256,256,256,256,256,256,256,256,256,256,256,256,256,256,256,311,511,459,256,256,256,311,511,511,479,473,256,256,256,256,256,256,256,374,383,459,256,256,256,311,511,511,511,511,511,511,511,511,511,511,511,511,511,475,256,256,256,256,374,383,511,511,511,459,256,256,256,311,511,511,511,511,459,256,256,256,311,511,511,511,511,459,256,256,256,311,511,511,511,511,495,490,256,256,256,256,256,256,256,256,256,256,256,256,256,256,256,256,256,256,256,256,256,0
0,256,256,256,256,256,256,256,256,256,256,256,256,256,256,256,256,256,256,256,256,256,256,256,256,256,256,256,256,311,511,459,256,256,256,277,413,413,409,256,256,256,256,256,256,256,374,383,479,457,256,256,256,311,511,511,511,511,511,511,511,511,511,511,511,511,511,459,256,256,256,310,383,511,511,511,511,459,256,256,256,277,413,413,413,413,393,256,256,256,311,511,511,511,511,459,256,256,256,311,511,511,511,511,511,495,494,330,256,256,256,256,256,256,256,256,256,256,256,256,256,256,256,256,256,256,256,0
0,256,256,256,256,256,256,256,256,256,256,256,256,256,256,256,256,256,256,256,256,256,256,256,256,256,256,256,256,311,511,459,256,256,256,256,256,256,256,256,256,256,358,366,366,382,383,479,473,256,256,256,256,375,511,511,511,511,511,511,511,511,511,511,511,511,511,459,256,256,256,311,511,511,511,511,511,459,256,256,256,256,256,256,256,256,256,256,256,256,375,511,511,511,511,459,256,256,256,311,511,511,511,511,511,511,511,459,256,256,256,256,256,256,256,256,256,256,256,256,256,256,256,256,256,256,256,0
0,256,256,256,256,256,256,256,256,256,256,256,256,256,256,256,256,256,256,256,256,256,256,256,256,256,256,256,256,311,511,491,256,256,256,256,256,256,256,256,256,374,383,511,511,511,479,473,256,256,256,256,374,383,511,511,511,511,511,511,511,511,511,511,479,477,413,393,256,256,256,277,413,413,445,447,511,491,256,256,256,256,256,256,256,256,256,256,256,374,383,511,511,511,511,459,256,256,256,311,511,511,511,511,511,511,511,459,256,256,256,256,256,256,256,256,256,256,256,256,256,256,256,256,256,256,256,0
0,256,256,256,256,256,256,256,256,256,256,256,256,256,256,256,256,256,256,256,256,256,256,256,256,256,256,256,256,375,511,495,490,256,256,256,256,256,256,256,374,383,511,511,511,511,475,256,256,256,256,374,383,511,511,511,511,511,511,511,511,511,511,479,473,256,256,256,256,256,256,256,256,256,256,437,447,495,490,256,256,256,256,256,256,256,256,256,374,383,511,511,511,511,511,459,256,256,256,311,511,511,511,511,511,511,511,459,256,256,256,256,256,256,256,256,256,256,256,256,256,256,256,256,256,256,256,0
0,256,256,256,256,256,256,256,256,256,256,256,256,256,256,256,256,256,256,256,256,256,256,256,256,256,256,256,374,383,511,511,495,494,366,366,366,366,366,382,383,511,511,511,511,511,459,256,256,256,310,383,511,511,511,511,511,511,511,511,511,511,479,473,256,256,256,256,256,256,256,256,256,256,256,256,439,511,495,494,366,366,366,366,366,366,366,382,383,511,511,511,511,511,511,459,256,256,256,311,511,511,511,479,477,413,413,393,256,256,256,256,256,256,256,256,256,256,256,256,256,256,256,256,256,256,256,0
0,256,256,256,256,256,256,256,256,256,256,256,256,256,256,256,256,256,256,256,256,256,256,256,256,256,256,374,383,511,479,477,413,445,447,511,511,511,511,511,511,511,511,511,511,511,459,256,256,256,311,511,511,511,511,479,477,413,413,413,413,413,409,256,256,256,256,256,256,256,256,256,256,256,256,256,311,511,511,511,511,511,511,511,511,511,511,511,511,511,511,511,511,511,511,459,256,256,256,311,511,511,479,473,256,256,256,256,256,256,256,256,256,256,256,256,256,256,256,256,256,256,256,256,256,256,256,0
0,256,256,256,256,256,256,256,256,256,256,256,256,256,256,256,256,256,256,256,256,256,256,256,256,256,310,383,511,511,475,256,256,256,439,511,511,511,511,511,511,511,479,477,413,413,393,256,256,256,311,511,511,511,479,473,256,256,256,256,256,256,256,256,256,256,358,366,366,366,366,366,330,256,256,256,277,413,413,413,413,445,447,511,511,511,511,511,511,511,511,511,511,511,511,491,256,256,256,375,511,479,473,256,256,256,256,256,256,256,256,256,256,256,256,256,256,256,256,256,256,256,256,256,256,256,256,0
0,256,256,256,256,256,256,256,256,256,256,256,256,256,256,256,256,256,256,256,256,256,256,256,256,256,311,511,511,511,459,256,256,256,311,511,511,511,511,511,511,479,473,256,256,256,256,256,256,256,375,511,511,479,473,256,256,256,256,256,256,256,256,256,256,374,383,511,511,511,511,511,459,256,256,256,256,256,256,256,256,256,437,447,511,511,511,511,511,511,511,511,511,511,511,495,494,366,382,383,511,475,256,256,256,256,256,256,256,256,256,256,256,256,256,256,256,256,256,256,256,256,256,256,256,256,256,0
0,256,256,256,256,256,256,256,256,256,256,256,256,256,256,256,256,256,256,256,256,256,256,256,256,256,311,511,511,479,457,256,256,256,311,511,511,511,511,511,479,473,256,256,256,256,256,256,256,374,383,511,479,473,256,256,256,256,256,256,256,256,256,256,374,383,511,511,511,511,511,511,491,256,256,256,256,256,256,256,256,256,256,439,511,511,511,511,511,511,511,511,511,511,511,511,511,511,511,511,511,459,256,256,256,256,256,256,256,256,256,256,256,256,256,256,256,256,256,256,256,256,256,256,256,256,256,0
0,256,256,256,256,256,256,256,256,256,256,256,256,256,256,256,256,256,256,256,256,256,256,256,256,256,375,511,479,473,256,256,256,256,375,511,511,511,511,511,475,256,256,256,256,256,256,256,374,383,511,479,473,256,256,256,256,358,366,366,366,366,366,382,383,511,511,511,511,511,511,511,495,490,256,256,256,256,256,256,256,256,256,311,511,511,511,511,511,511,511,511,511,511,511,511,511,511,511,511,511,459,256,256,256,256,256,256,256,256,256,256,256,256,256,256,256,256,256,256,256,256,256,256,256,256,256,0
0,256,256,256,256,256,256,256,256,256,256,256,256,256,256,256,256,256,256,256,256,256,256,256,256,374,383,479,473,256,256,256,256,374,383,511,511,511,511,511,459,256,256,256,294,366,366,382,383,511,479,473,256,256,256,256,374,383,511,511,511,511,511,511,511,511,511,511,511,511,511,511,511,495,494,366,366,366,366,330,256,256,256,277,445,447,511,511,511,511,511,511,511,511,511,511,511,511,511,511,511,459,256,256,256,256,256,256,256,256,256,256,256,256,256,256,256,256,256,256,256,256,256,256,256,256,256,0
0,256,256,256,256,256,256,256,256,256,256,256,256,256,256,256,256,256,256,256,256,256,256,256,374,383,511,475,256,256,256,256,276,317,447,511,511,511,511,511,459,256,256,256,311,511,511,511,511,511,475,256,256,256,256,374,383,511,511,511,511,511,511,511,511,511,511,511,511,511,511,511,511,511,511,511,511,511,511,459,256,256,256,256,256,437,447,511,511,511,511,479,477,413,413,413,413,413,445,447,511,459,256,256,256,256,256,256,256,256,256,256,256,256,256,256,256,256,256,256,256,256,256,256,256,256,256,0
0,256,256,256,256,256,256,256,256,256,256,256,256,256,256,256,256,256,256,256,294,366,366,382,383,511,511,459,256,256,256,256,256,256,437,447,511,511,511,479,457,256,256,256,311,511,511,511,511,511,459,256,256,256,310,383,479,477,413,445,511,511,511,511,511,511,511,511,511,511,511,511,511,511,511,511,511,511,511,491,256,256,256,256,256,256,439,511,511,511,479,473,256,256,256,256,256,256,256,439,511,491,256,256,256,256,256,256,256,256,256,256,256,256,256,256,256,256,256,256,256,256,256,256,256,256,256,0
0,256,256,256,256,256,256,256,256,256,256,256,256,256,256,256,256,256,256,256,311,511,511,511,511,511,511,491,256,256,256,256,256,256,256,439,511,511,479,473,256,256,256,256,375,511,511,511,511,511,459,256,256,256,311,511,475,256,256,308,447,511,511,511,511,511,511,511,511,511,511,511,479,477,413,445,447,511,511,495,490,256,256,256,256,256,311,511,511,479,473,256,256,256,256,256,256,256,256,375,511,495,490,256,256,256,256,256,256,256,256,256,256,256,256,256,256,256,256,256,256,256,256,256,256,256,256,0
0,256,256,256,256,256,256,256,256,256,256,256,256,256,256,256,256,256,256,256,311,511,511,511,511,511,511,495,490,256,256,256,256,256,256,311,511,479,473,256,256,256,256,374,383,511,511,511,511,511,459,256,256,256,311,511,491,256,256,256,503,511,511,511,511,511,511,511,511,511,511,511,475,256,256,256,439,511,511,511,495,494,330,256,256,256,311,511,511,475,256,256,256,256,256,256,256,256,374,383,511,511,495,494,366,330,256,256,256,256,256,256,256,256,256,256,256,256,256,256,256,256,256,256,256,256,256,0
0,256,256,256,256,256,256,256,256,256,256,256,256,256,256,256,256,256,256,256,311,511,511,511,511,511,511,511,495,494,366,330,256,256,256,311,511,475,256,256,256,256,374,383,511,511,511,511,511,511,459,256,256,256,311,511,495,494,366,382,383,511,511,511,511,511,511,511,511,511,511,511,459,256,256,256,311,511,511,511,511,511,459,256,256,256,311,511,511,459,256,256,256,294,366,366,366,382,383,511,511,511,511,511,511,459,256,256,256,256,256,256,256,256,256,256,256,256,256,256,256,256,256,256,256,256,256,0
0,256,256,256,256,256,256,256,256,256,256,256,256,256,256,256,256,256,256,256,277,413,413,413,445,447,511,511,511,511,511,459,256,256,256,311,511,459,256,256,256,310,383,511,511,511,479,477,413,413,393,256,256,256,277,445,447,511,511,511,511,511,511,511,511,511,511,511,511,511,511,479,457,256,256,256,311,511,511,479,477,413,393,256,256,256,311,511,511,459,256,256,256,311,511,511,511,511,511,511,511,511,511,511,511,459,256,256,256,256,256,256,256,256,256,256,256,256,256,256,256,256,256,256,256,256,256,0
0,256,256,256,256,256,256,256,256,256,256,256,256,256,256,256,256,256,256,256,256,256,256,256,256,437,447,511,511,511,511,459,256,256,256,311,511,459,256,256,256,311,511,511,511,479,473,256,256,256,256,256,256,256,256,256,437,447,511,511,511,511,511,511,511,511,511,511,511,511,479,473,256,256,256,256,375,511,511,475,256,256,256,256,256,256,375,511,479,457,256,256,256,311,511,511,511,511,511,511,511,511,511,511,511,459,256,256,256,256,256,256,256,256,256,256,256,256,256,256,256,256,256,256,256,256,256,0
0,256,256,256,256,256,256,256,256,256,256,256,256,256,256,256,256,256,256,256,256,256,256,256,256,256,439,511,511,511,511,459,256,256,256,311,511,491,256,256,256,375,511,511,479,473,256,256,256,256,256,256,256,256,256,256,256,439,511,511,511,511,511,511,511,511,511,511,511,479,473,256,256,256,256,374,383,511,511,459,256,256,256,256,256,374,383,479,473,256,256,256,256,375,511,511,511,511,511,511,511,511,511,511,511,459,256,256,256,256,256,256,256,256,256,256,256,256,256,256,256,256,256,256,256,256,256,0
0,256,256,256,256,256,256,256,256,256,256,256,256,256,256,256,256,256,256,256,256,256,256,256,256,256,311,511,511,511,511,459,256,256,256,311,511,495,494,366,382,351,477,413,409,256,256,256,256,256,256,256,256,256,256,256,256,311,511,511,511,511,511,511,511,511,511,511,511,475,256,256,256,256,374,383,511,511,511,491,256,256,256,256,374,383,479,473,256,256,256,256,374,383,511,511,511,511,511,511,511,511,511,511,511,459,256,256,256,256,256,256,256,256,256,256,256,256,256,256,256,256,256,256,256,256,256,0
0,256,256,256,256,256,256,256,256,256,256,256,256,256,256,256,256,256,256,256,256,256,256,256,256,256,311,511,511,511,511,459,256,256,256,311,511,511,511,511,511,475,256,256,256,256,256,256,358,366,366,366,366,330,256,256,256,277,413,413,445,447,511,511,511,511,511,511,511,459,256,256,256,310,383,511,511,511,511,495,494,366,366,382,383,511,475,256,256,256,256,374,383,511,511,511,511,511,511,511,511,511,511,511,511,459,256,256,256,256,256,256,256,256,256,256,256,256,256,256,256,256,256,256,256,256,256,0
0,256,256,256,256,256,256,256,256,256,256,256,256,256,256,256,256,256,256,256,256,256,256,256,256,256,311,511,511,511,479,457,256,256,256,311,511,511,511,511,511,459,256,256,256,256,256,374,383,511,511,511,511,459,256,256,256,256,256,256,256,437,447,511,511,511,511,511,511,459,256,256,256,311,511,511,511,511,511,511,511,511,511,511,511,511,459,256,256,256,310,383,479,477,445,415,477,445,447,511,511,511,511,511,511,459,256,256,256,256,256,256,256,256,256,256,256,256,256,256,256,256,256,256,256,256,256,0
0,256,256,256,256,256,256,256,256,256,256,256,256,256,256,256,256,256,256,256,256,256,256,256,256,256,311,511,511,479,473,256,256,256,256,375,511,511,511,511,511,491,256,256,256,256,374,383,511,511,511,511,511,491,256,256,256,256,256,256,256,256,439,511,511,511,511,511,511,459,256,256,256,311,511,511,511,511,511,511,511,511,511,511,511,511,459,256,256,256,311,511,475,256,256,403,256,256,439,511,511,511,511,511,511,491,256,256,256,256,256,256,256,256,256,256,256,256,256,256,256,256,256,256,256,256,256,0
0,256,256,256,256,256,256,256,256,256,256,256,256,256,256,256,256,256,256,256,256,256,256,256,256,256,311,511,479,473,256,256,256,256,374,383,511,511,511,511,511,495,494,366,366,382,383,511,511,511,511,511,511,495,490,256,256,256,256,256,256,256,311,511,511,511,511,511,511,459,256,256,256,311,511,511,511,511,511,511,511,511,511,511,511,479,457,256,256,256,311,511,491,256,256,355,256,256,375,511,511,511,511,511,511,495,490,256,256,256,256,256,256,256,256,256,256,256,256,256,256,256,256,256,256,256,256,0
0,256,256,256,256,256,256,256,256,256,256,256,256,256,256,256,256,256,256,256,256,256,256,256,256,256,375,511,475,256,256,256,256,374,383,511,511,511,511,511,511,511,511,511,511,511,511,511,511,511,511,511,511,511,495,494,366,366,330,256,256,256,311,479,477,413,413,413,413,393,256,256,256,277,413,445,447,511,511,511,511,511,511,511,479,473,256,256,256,256,375,511,495,494,382,367,494,382,351,477,413,413,445,447,511,511,495,494,330,256,256,256,256,256,256,256,256,256,256,256,256,256,256,256,256,256,256,0
0,256,256,256,256,256,256,256,256,256,256,256,256,256,256,256,256,256,256,256,256,256,256,256,256,374,383,511,459,256,256,256,310,383,511,511,511,511,511,511,511,511,511,511,511,511,511,511,511,511,511,511,511,511,511,511,511,511,459,256,256,256,311,475,256,256,256,256,256,256,256,256,256,256,256,256,437,447,511,511,511,511,511,479,473,256,256,256,256,374,383,511,511,511,511,511,511,479,473,256,256,256,256,437,447,511,511,511,459,256,256,256,256,256,256,256,256,256,256,256,256,256,256,256,256,256,256,0
0,256,256,256,256,256,256,256,256,256,256,256,256,256,256,256,256,256,256,256,256,256,256,256,374,383,511,511,459,256,256,256,311,511,511,511,511,511,511,511,511,511,511,511,511,511,511,511,511,511,511,511,511,511,511,511,511,511,459,256,256,256,311,459,256,256,256,256,256,256,256,256,256,256,256,256,256,439,511,511,511,511,479,473,256,256,256,256,374,383,511,511,511,511,511,511,479,473,256,256,256,256,256,256,439,511,511,511,459,256,256,256,256,256,256,256,256,256,256,256,256,256,256,256,256,256,256,0
0,256,256,256,256,256,256,256,256,256,256,256,256,256,256,256,256,256,256,256,256,256,256,310,383,511,511,511,459,256,256,256,311,511,511,511,511,511,511,511,511,511,511,511,511,511,511,511,511,511,511,479,477,413,413,413,413,413,393,256,256,256,311,491,256,256,256,256,256,256,256,256,256,256,256,256,256,311,511,511,511,479,473,256,256,256,256,374,383,511,511,511,479,477,413,413,409,256,256,256,256,256,256,256,311,511,511,511,459,256,256,256,256,256,256,256,256,256,256,256,256,256,256,256,256,256,256,0
0,256,256,256,256,256,256,256,256,256,256,256,256,256,256,256,256,256,256,256,256,256,256,311,511,511,511,511,459,256,256,256,311,511,511,511,511,511,511,511,479,477,413,413,445,447,511,511,511,511,479,473,256,256,256,256,256,256,256,256,256,256,375,495,494,366,366,366,366,366,366,366,366,330,256,256,256,311,511,511,479,473,256,256,256,256,374,383,511,511,511,479,473,256,256,256,256,256,256,256,322,256,256,256,309,447,511,511,459,256,256,256,256,256,256,256,256,256,256,256,256,256,256,256,256,256,256,0
0,256,256,256,256,256,256,256,256,256,256,256,256,256,256,256,256,256,256,256,256,256,256,311,511,511,511,511,459,256,256,256,311,511,511,511,511,511,511,479,473,256,256,256,256,437,447,511,511,479,473,256,256,256,256,256,256,256,256,256,256,374,383,511,511,511,511,511,511,511,511,511,511,459,256,256,256,311,511,511,475,256,256,256,256,374,383,511,511,511,479,473,256,256,256,256,256,256,256,374,331,256,256,256,256,405,445,447,459,256,256,256,256,256,256,256,256,256,256,256,256,256,256,256,256,256,256,0
0,256,256,256,256,256,256,256,256,256,256,256,256,256,256,256,256,256,256,256,256,256,256,375,511,511,511,479,457,256,256,256,311,511,511,511,511,511,479,473,256,256,256,256,256,256,439,511,511,475,256,256,256,256,256,256,256,256,256,256,374,383,511,511,511,511,511,511,511,511,511,511,511,459,256,256,256,311,511,511,459,256,256,256,310,383,511,511,511,479,473,256,256,256,256,256,256,256,374,383,491,256,256,256,256,256,256,503,459,256,256,256,256,256,256,256,256,256,256,256,256,256,256,256,256,256,256,0
0,256,256,256,256,256,256,256,256,256,256,256,256,256,256,256,256,256,256,256,256,256,374,383,511,511,479,473,256,256,256,256,375,511,479,477,413,413,409,256,256,256,256,256,256,256,311,511,511,459,256,256,256,294,366,366,366,366,366,382,383,511,511,511,511,511,511,511,511,511,511,511,511,459,256,256,256,311,511,511,459,256,256,256,311,511,511,511,479,473,256,256,256,256,358,366,366,382,383,511,495,490,256,256,256,256,374,383,459,256,256,256,256,256,256,256,256,256,256,256,256,256,256,256,256,256,256,0
0,256,256,256,256,256,256,256,256,256,256,256,256,256,256,256,256,256,256,256,256,374,383,511,511,479,473,256,256,256,256,374,383,479,473,256,256,256,256,256,256,256,322,256,256,256,311,511,511,459,256,256,256,311,511,511,511,511,511,511,511,511,511,511,511,511,511,511,511,511,511,511,511,459,256,256,256,311,511,511,459,256,256,256,311,511,511,479,473,256,256,256,256,374,383,511,511,511,511,511,511,495,494,366,366,382,383,511,459,256,256,256,256,256,256,256,256,256,256,256,256,256,256,256,256,256,256,0
0,256,256,256,256,256,256,256,256,256,256,256,256,256,256,256,256,256,256,256,310,383,511,511,511,475,256,256,256,256,374,383,479,473,256,256,256,256,256,256,256,374,331,256,256,256,277,413,413,393,256,256,256,311,511,511,511,511,511,511,511,511,511,511,511,511,511,511,511,511,511,511,511,459,256,256,256,311,511,511,459,256,256,256,277,413,413,409,256,256,256,256,374,383,511,511,511,511,511,511,511,511,511,511,511,511,511,511,459,256,256,256,256,256,256,256,256,256,256,256,256,256,256,256,256,256,256,0
0,256,256,256,256,256,256,256,256,256,256,256,256,256,256,256,256,256,256,256,311,511,511,511,511,459,256,256,256,276,285,413,409,256,256,256,256,256,256,256,374,383,459,256,256,256,256,256,256,256,256,256,256,375,511,511,511,511,511,511,511,511,511,511,511,511,511,511,511,511,511,511,511,459,256,256,256,311,511,511,491,256,256,256,256,256,256,256,256,256,256,374,383,511,511,511,511,511,511,511,511,511,511,511,511,511,511,479,457,256,256,256,256,256,256,256,256,256,256,256,256,256,256,256,256,256,256,0
0,256,256,256,256,256,256,256,256,256,256,256,256,256,256,256,256,256,256,256,311,511,511,511,511,459,256,256,256,256,256,256,256,256,256,256,358,366,366,382,383,511,491,256,256,256,256,256,256,256,256,256,374,383,511,511,511,511,511,511,511,511,511,511,511,511,511,511,511,511,511,511,511,459,256,256,256,311,511,511,495,490,256,256,256,256,256,256,256,256,374,383,511,511,511,511,511,511,511,511,511,511,511,511,511,511,511,475,256,256,256,256,256,256,256,256,256,256,256,256,256,256,256,256,256,256,256,0
0,256,256,256,256,256,256,256,256,256,256,256,256,256,256,256,256,256,256,256,311,511,511,511,511,491,256,256,256,256,256,256,256,256,256,374,383,511,511,511,511,511,495,490,256,256,256,256,256,256,256,374,383,511,511,511,511,511,511,511,511,511,511,511,511,511,511,511,511,511,511,511,511,459,256,256,256,311,511,511,511,495,490,256,256,256,256,256,256,374,383,511,511,511,511,511,511,511,511,511,511,511,511,511,511,511,511,459,256,256,256,256,256,256,256,256,256,256,256,256,256,256,256,256,256,256,256,0
0,256,256,256,256,256,256,256,256,256,256,256,256,256,256,256,256,256,256,256,311,511,511,511,511,495,490,256,256,256,256,256,256,256,374,383,511,511,511,511,511,511,511,495,494,366,366,366,366,366,350,349,413,413,413,413,445,447,511,511,511,511,511,511,511,511,511,511,511,479,477,413,413,393,256,256,256,311,511,511,511,511,495,494,366,366,366,366,382,383,511,511,511,511,511,511,511,511,511,511,511,511,511,511,511,511,511,491,256,256,256,256,256,256,256,256,256,256,256,256,256,256,256,256,256,256,256,0
0,256,256,256,256,256,256,256,256,256,256,256,256,256,256,256,256,256,256,256,311,511,511,511,511,511,495,494,366,366,366,366,366,382,383,511,511,511,511,511,511,511,511,511,511,511,511,511,511,511,475,256,256,256,256,256,256,437,447,511,511,511,511,511,511,511,511,511,479,473,256,256,256,256,256,256,256,375,511,511,511,511,511,511,511,479,477,413,413,413,413,413,413,413,413,445,447,511,511,511,511,511,511,511,511,511,511,495,458,256,256,256,256,256,256,256,256,256,256,256,256,256,256,256,256,256,256,0
0,256,256,256,256,256,256,256,256,256,256,256,256,256,256,256,256,256,256,256,311,511,511,511,511,511,511,511,511,511,511,511,479,477,413,445,447,511,511,511,511,511,511,511,511,511,511,511,511,511,459,256,256,256,256,256,256,256,439,511,511,511,511,511,511,511,511,479,473,256,256,256,256,256,256,256,374,383,511,511,511,511,511,511,479,473,256,256,256,256,256,256,256,256,256,256,437,447,511,511,511,511,511,511,511,511,511,511,459,256,256,256,256,256,256,256,256,256,256,256,256,256,256,256,256,256,256,0
0,256,256,256,256,256,256,256,256,256,256,256,256,256,256,256,256,256,256,256,277,413,445,447,511,511,511,511,511,511,511,479,473,256,256,256,437,447,511,511,511,511,511,511,479,477,413,445,447,511,491,256,256,256,256,256,256,256,311,511,511,511,511,479,477,413,413,409,256,256,256,256,256,256,256,374,383,511,511,511,511,511,511,479,473,256,256,256,256,256,256,256,256,256,256,256,256,439,511,511,511,511,511,511,511,511,511,511,459,256,256,256,256,256,256,256,256,256,256,256,256,256,256,256,256,256,256,0
0,256,256,256,256,256,256,256,256,256,256,256,256,256,256,256,256,256,256,256,256,256,256,437,447,511,511,511,511,511,479,473,256,256,256,256,256,439,511,511,511,511,511,511,475,256,256,256,439,511,495,494,366,366,330,256,256,256,311,511,511,511,479,473,256,256,256,256,256,256,256,358,366,366,382,383,511,511,511,511,511,511,511,475,256,256,256,256,256,256,256,256,256,256,256,256,256,311,511,511,511,511,511,511,511,511,511,511,459,256,256,256,256,256,256,256,256,256,256,256,256,256,256,256,256,256,256,0
0,256,256,256,256,256,256,256,256,256,256,256,256,256,256,256,256,256,256,256,256,256,256,256,439,511,511,511,511,511,475,256,256,256,256,256,256,311,511,511,511,511,511,511,459,256,256,256,311,511,511,511,511,511,459,256,256,256,311,511,511,479,473,256,256,256,256,256,256,256,374,383,511,511,511,511,511,511,511,511,511,511,511,459,256,256,256,294,366,366,366,366,366,330,256,256,256,277,413,413,413,413,413,413,413,413,413,413,393,256,256,256,256,256,256,256,256,256,256,256,256,256,256,256,256,256,256,0
0,256,256,256,256,256,256,256,256,256,256,256,256,256,256,256,256,256,256,256,256,256,256,256,311,511,511,511,511,511,459,256,256,256,256,256,256,277,413,413,445,447,511,511,459,256,256,256,311,511,511,511,511,511,459,256,256,256,311,511,511,475,256,256,256,256,256,256,256,374,383,511,511,511,511,511,511,511,511,511,511,511,511,459,256,256,256,311,511,511,511,511,511,459,256,256,256,256,256,256,256,256,256,256,256,256,256,256,256,256,256,256,256,256,256,256,256,256,256,256,256,256,256,256,256,256,256,0
0,256,256,256,256,256,256,256,256,256,256,256,256,256,256,256,256,256,256,256,256,256,256,256,311,511,511,511,511,511,459,256,256,256,258,256,256,256,256,256,256,439,511,511,459,256,256,256,311,511,511,511,511,511,459,256,256,256,311,511,511,459,256,256,256,294,366,366,382,383,511,511,511,511,511,511,511,511,511,511,511,511,511,459,256,256,256,311,511,511,511,511,511,491,256,256,256,256,256,256,256,256,256,256,256,256,256,256,256,256,256,256,256,256,256,256,256,256,256,256,256,256,256,256,256,256,256,0
0,256,256,256,256,256,256,256,256,256,256,256,256,256,256,256,256,256,256,256,256,256,256,256,311,511,511,511,511,479,457,256,256,256,291,256,256,256,256,256,256,375,511,511,459,256,256,256,311,511,511,511,511,511,459,256,256,256,311,511,511,459,256,256,256,311,511,511,511,511,511,511,511,511,511,511,511,511,511,511,511,511,511,459,256,256,256,311,511,511,511,511,511,495,490,256,256,256,256,256,256,256,256,256,256,256,256,256,256,256,256,256,256,256,256,256,256,256,256,256,256,256,256,256,256,256,256,0
0,256,256,256,256,256,256,256,256,256,256,256,256,256,256,256,256,256,256,256,256,256,256,256,311,511,511,511,479,473,256,256,256,256,359,490,256,256,256,256,374,383,511,511,459,256,256,256,311,511,511,511,511,511,459,256,256,256,311,511,511,459,256,256,256,311,511,511,511,511,511,511,511,511,511,511,511,511,511,511,511,511,511,459,256,256,256,311,511,511,511,511,511,511,495,494,366,366,366,366,366,366,366,366,366,330,256,256,256,256,256,256,256,256,256,256,256,256,256,256,256,256,256,256,256,256,256,0
0,256,256,256,256,256,256,256,256,256,256,256,256,256,256,256,256,256,256,256,256,256,256,256,311,511,511,479,473,256,256,256,256,374,383,495,494,366,366,382,383,511,511,511,459,256,256,256,311,511,511,511,511,511,459,256,256,256,311,511,511,459,256,256,256,311,511,511,511,511,511,511,511,511,511,511,479,477,413,413,413,413,413,393,256,256,256,311,511,511,479,477,413,413,413,413,413,445,447,511,511,511,511,511,511,459,256,256,256,256,256,256,256,256,256,256,256,256,256,256,256,256,256,256,256,256,256,0
0,256,256,256,256,256,256,256,256,256,256,256,256,256,256,256,256,256,256,256,256,256,256,256,375,511,511,475,256,256,256,256,374,383,511,511,511,511,511,511,511,511,511,511,459,256,256,256,311,511,511,511,511,511,459,256,256,256,277,413,413,393,256,256,256,277,413,413,413,445,447,511,511,511,511,479,473,256,256,256,256,256,256,256,256,256,256,375,511,479,473,256,256,256,256,256,256,256,437,447,511,511,511,511,511,459,256,256,256,256,256,256,256,256,256,256,256,256,256,256,256,256,256,256,256,256,256,0
0,256,256,256,256,256,256,256,256,256,256,256,256,256,256,256,256,256,256,256,256,256,256,374,383,511,511,459,256,256,256,310,383,511,511,511,479,477,445,447,511,511,511,511,459,256,256,256,277,413,445,447,511,511,459,256,256,256,256,256,256,256,256,256,256,256,256,256,256,256,437,447,511,511,479,473,256,256,256,256,256,256,256,256,256,256,374,383,479,473,256,256,256,256,256,256,256,256,256,439,511,511,511,511,511,459,256,256,256,256,256,256,256,256,256,256,256,256,256,256,256,256,256,256,256,256,256,0
0,256,256,256,256,256,256,256,256,256,256,256,256,256,256,256,256,256,256,256,256,256,374,383,511,511,511,459,256,256,256,311,511,511,511,511,475,256,256,439,511,511,511,511,459,256,256,256,256,256,256,437,447,511,491,256,256,256,256,256,256,256,256,256,256,256,256,256,256,256,256,439,511,511,475,256,256,256,256,256,256,256,256,256,256,374,383,511,475,256,256,256,256,256,256,256,256,256,256,311,511,511,511,479,509,395,256,256,256,256,256,256,256,256,256,256,256,256,256,256,256,256,256,256,256,256,256,0
0,256,256,256,256,256,256,256,256,256,256,256,256,256,256,256,256,256,256,256,256,310,383,511,511,511,479,457,256,256,256,311,511,511,511,511,459,256,256,309,447,511,511,511,491,256,256,256,256,256,256,256,439,511,495,490,256,256,256,256,256,256,256,256,256,256,256,256,256,256,256,311,511,511,459,256,256,256,294,366,366,366,366,366,382,383,511,511,459,256,256,256,294,366,366,330,256,256,256,311,511,511,475,401,256,387,256,256,256,256,256,256,256,256,256,256,256,256,256,256,256,256,256,256,256,256,256,0
0,256,256,256,256,256,256,256,256,256,256,256,256,256,256,256,256,256,256,256,256,311,511,511,511,479,473,256,256,256,256,375,511,511,511,511,459,256,256,256,439,511,511,511,495,490,256,256,256,256,256,256,311,511,511,495,494,366,366,366,366,330,256,256,256,294,366,330,256,256,256,311,511,511,459,256,256,256,311,511,511,511,511,511,511,511,511,511,459,256,256,256,311,511,511,459,256,256,256,311,511,511,459,256,256,259,256,256,256,256,256,256,256,256,256,256,256,256,256,256,256,256,256,256,256,256,256,0
0,256,256,256,256,256,256,256,256,256,256,256,256,256,256,256,256,256,256,256,256,311,511,511,479,473,256,256,256,256,374,383,511,511,511,511,459,256,256,256,311,511,511,511,511,495,494,366,330,256,256,256,277,413,445,447,511,511,511,511,511,491,256,256,256,375,511,459,256,256,256,311,511,479,457,256,256,256,311,511,511,511,511,511,511,511,511,511,459,256,256,256,311,511,511,459,256,256,256,311,511,511,491,256,256,323,256,256,256,256,256,256,256,256,256,256,256,256,256,256,256,256,256,256,256,256,256,0
0,256,256,256,256,256,256,256,256,256,256,256,256,256,256,256,256,256,256,256,256,375,511,511,475,256,256,256,256,374,383,511,511,511,511,511,459,256,256,256,311,511,511,511,511,511,511,511,459,256,256,256,256,256,256,437,447,511,511,479,509,431,494,334,380,319,511,459,256,256,256,311,479,473,256,256,256,256,375,511,511,511,511,511,511,511,511,511,459,256,256,256,311,511,511,491,256,256,256,375,511,511,495,494,382,331,256,256,256,256,256,256,256,256,256,256,256,256,256,256,256,256,256,256,256,256,256,0
0,256,256,256,256,256,256,256,256,256,256,256,256,256,256,256,256,256,256,256,374,383,511,511,459,256,256,256,310,383,511,511,511,511,511,511,459,256,256,256,311,511,511,511,511,511,511,511,491,256,256,256,256,256,256,256,439,511,511,507,256,503,511,507,256,503,511,459,256,256,256,279,473,256,256,256,256,374,383,511,511,511,511,511,511,511,511,511,459,256,256,256,311,511,511,495,494,366,382,383,511,479,477,413,413,393,256,256,256,256,256,256,256,256,256,256,256,256,256,256,256,256,256,256,256,256,256,0
0,256,256,256,256,256,256,256,256,256,256,256,256,256,256,256,256,256,256,374,383,511,511,511,459,256,256,256,311,511,511,511,511,511,511,511,459,256,256,256,311,511,511,511,511,511,511,511,495,490,256,256,256,256,256,256,311,511,511,495,510,383,511,495,510,383,511,459,256,256,256,273,256,256,256,256,374,383,511,511,511,511,511,511,479,477,413,413,393,256,256,256,311,511,511,511,511,511,511,511,479,473,256,256,256,256,256,256,256,256,256,256,256,256,256,256,256,256,256,256,256,256,256,256,256,256,256,0
0,256,256,256,256,256,256,256,256,256,256,256,256,256,256,256,256,256,310,383,511,511,511,511,459,256,256,256,311,511,511,511,479,477,413,413,393,256,256,256,311,511,511,511,511,511,511,511,511,495,494,366,330,256,256,256,277,413,445,447,511,511,511,511,511,511,511,459,256,256,256,256,256,256,256,374,383,511,511,511,511,511,511,479,473,256,256,256,256,256,256,256,375,511,511,511,511,511,511,479,473,256,256,256,256,256,256,256,256,256,256,256,256,256,256,256,256,256,256,256,256,256,256,256,256,256,256,0
0,256,256,256,256,256,256,256,256,256,256,256,256,256,256,256,256,256,311,511,511,511,511,511,459,256,256,256,311,511,511,479,473,256,256,256,256,256,256,256,375,511,511,511,511,511,511,511,511,511,511,511,459,256,256,256,256,256,256,439,479,477,413,413,413,413,445,427,256,256,256,256,256,256,374,383,511,511,511,511,511,511,479,473,256,256,256,256,256,256,256,374,383,511,511,511,511,511,479,473,256,256,256,256,256,256,256,256,256,256,256,256,256,256,256,256,256,256,256,256,256,256,256,256,256,256,256,0
0,256,256,256,256,256,256,256,256,256,256,256,256,256,256,256,256,256,311,511,511,511,511,511,459,256,256,256,311,511,479,473,256,256,256,256,256,256,256,374,383,511,511,511,511,511,511,511,511,511,511,511,491,256,256,256,256,256,256,375,475,256,256,256,256,256,256,421,426,256,256,256,256,374,383,511,511,511,479,477,413,413,409,256,256,256,256,256,256,256,374,383,511,511,511,511,511,479,473,256,256,256,256,256,256,256,256,256,256,256,256,256,256,256,256,256,256,256,256,256,256,256,256,256,256,256,256,0
0,256,256,256,256,256,256,256,256,256,256,256,256,256,256,256,256,256,311,511,511,511,511,511,459,256,256,256,277,413,409,256,256,256,256,256,256,256,374,383,511,479,477,413,413,413,413,445,447,511,511,511,495,490,256,256,256,256,374,383,459,256,256,256,256,256,256,256,423,494,366,366,382,383,511,511,511,479,473,256,256,256,256,256,256,256,358,366,366,382,383,511,511,511,511,511,479,473,256,256,256,256,256,256,256,256,256,256,256,256,256,256,256,256,256,256,256,256,256,256,256,256,256,256,256,256,256,0
0,256,256,256,256,256,256,256,256,256,256,256,256,256,256,256,256,256,311,511,511,511,511,511,459,256,256,256,256,256,256,256,256,256,358,366,366,382,383,511,479,473,256,256,256,256,256,256,437,447,511,511,511,495,494,366,366,382,383,511,491,256,256,256,256,256,256,256,311,511,511,511,511,511,511,511,479,473,256,256,256,256,256,256,256,374,383,511,511,511,511,511,479,477,413,413,409,256,256,256,256,256,256,256,256,256,256,256,256,256,256,256,256,256,256,256,256,256,256,256,256,256,256,256,256,256,256,0
0,256,256,256,256,256,256,256,256,256,256,256,256,256,256,256,256,256,311,511,511,511,511,511,491,256,256,256,256,256,256,256,256,374,383,511,511,511,511,479,473,256,256,256,256,256,256,256,256,439,511,511,511,511,511,511,511,511,511,511,495,494,366,366,330,256,256,256,277,413,413,413,413,413,413,413,409,256,256,256,256,256,256,256,374,383,511,511,511,511,511,479,473,256,256,256,256,256,256,256,256,256,256,256,256,256,256,256,256,256,256,256,256,256,256,256,256,256,256,256,256,256,256,256,256,256,256,0
0,256,256,256,256,256,256,256,256,256,256,256,256,256,256,256,256,256,311,511,511,511,511,511,495,490,256,256,256,256,256,256,374,383,511,511,511,511,511,475,256,256,256,256,256,256,256,256,256,311,511,511,511,511,511,511,511,511,511,511,511,511,511,511,459,256,256,256,256,256,256,256,256,256,256,256,256,256,256,256,358,366,366,382,383,511,511,511,511,511,479,473,256,256,256,256,256,256,256,256,256,256,256,256,256,256,256,256,256,256,256,256,256,256,256,256,256,256,256,256,256,256,256,256,256,256,256,0
0,256,256,256,256,256,256,256,256,256,256,256,256,256,256,256,256,256,277,413,445,447,511,511,511,495,494,366,366,366,366,382,383,511,511,511,511,511,511,459,256,256,256,256,256,256,256,256,256,311,511,511,511,511,479,477,413,445,447,511,511,511,511,511,491,256,256,256,256,256,256,256,256,256,256,256,256,256,256,374,383,511,511,511,511,511,511,511,511,511,475,256,256,256,256,256,256,256,256,256,256,256,256,256,256,256,256,256,256,256,256,256,256,256,256,256,256,256,256,256,256,256,256,256,256,256,256,0
0,256,256,256,256,256,256,256,256,256,256,256,256,256,256,256,256,256,256,256,256,437,447,511,511,511,511,511,511,511,511,511,511,511,511,511,511,511,511,459,256,256,256,256,256,256,256,256,256,311,511,511,511,511,475,256,256,256,439,511,511,511,511,511,495,490,256,256,256,256,256,256,256,256,256,256,256,256,374,383,511,511,511,511,511,511,511,511,511,511,459,256,256,256,256,256,256,256,256,256,256,256,256,256,256,256,256,256,256,256,256,256,256,256,256,256,256,256,256,256,256,256,256,256,256,256,256,0
0,256,256,256,256,256,256,256,256,256,256,256,256,256,256,256,256,256,256,256,256,256,439,511,511,511,511,479,477,413,413,413,413,413,413,413,413,413,413,393,256,256,256,256,256,256,256,256,256,309,447,511,511,511,459,256,256,256,311,511,511,511,511,511,511,495,494,366,366,366,366,366,366,366,366,366,366,382,383,511,511,511,511,511,511,511,511,511,511,511,459,256,256,256,256,256,256,256,256,256,256,256,256,256,256,256,256,256,256,256,256,256,256,256,256,256,256,256,256,256,256,256,256,256,256,256,256,0
0,256,256,256,256,256,256,256,256,256,256,256,256,256,256,256,256,256,256,256,256,256,311,511,511,511,479,473,256,256,256,256,256,256,256,256,256,256,256,256,256,256,256,256,256,256,256,256,256,256,405,413,413,413,393,256,256,256,311,511,511,511,511,511,511,511,511,511,511,511,511,511,511,511,511,511,511,511,511,511,511,511,511,511,511,511,511,511,511,511,459,256,256,256,256,256,256,256,256,256,256,256,256,256,256,256,256,256,256,256,256,256,256,256,256,256,256,256,256,256,256,256,256,256,256,256,256,0
0,256,256,256,256,256,256,256,256,256,256,256,256,256,256,256,256,256,256,256,256,256,311,511,511,479,473,256,256,256,256,256,256,256,256,256,256,256,256,256,256,256,256,256,256,256,256,256,256,256,256,256,256,256,256,256,256,256,311,511,511,511,511,511,511,511,479,477,413,413,413,413,413,413,413,413,413,413,413,413,413,413,413,413,413,413,413,445,447,511,459,256,256,256,256,256,256,256,256,256,256,256,256,256,256,256,256,256,256,256,256,256,256,256,256,256,256,256,256,256,256,256,256,256,256,256,256,0
0,256,256,256,256,256,256,256,256,256,256,256,256,256,256,256,256,256,256,256,256,256,277,413,413,409,256,256,256,256,256,256,256,256,256,256,256,256,256,256,256,256,256,256,256,256,256,256,256,256,256,256,256,256,256,256,256,256,311,511,511,511,511,511,511,479,473,256,256,256,256,256,256,256,256,256,256,256,256,256,256,256,256,256,256,256,256,256,405,413,393,256,256,256,256,256,256,256,256,256,256,256,256,256,256,256,256,256,256,256,256,256,256,256,256,256,256,256,256,256,256,256,256,256,256,256,256,0
0,256,256,256,256,256,256,256,256,256,256,256,256,256,256,256,256,256,256,256,256,256,256,256,256,256,256,256,256,256,256,256,256,256,256,256,256,256,256,256,256,256,256,256,256,256,256,256,256,256,256,256,256,256,256,256,256,256,311,511,511,511,511,511,479,473,256,256,256,256,256,256,256,256,256,256,256,256,256,256,256,256,256,256,256,256,256,256,256,256,256,256,256,256,256,256,256,256,256,256,256,256,256,256,256,256,256,256,256,256,256,256,256,256,256,256,256,256,256,256,256,256,256,256,256,256,256,0
0,256,256,256,256,256,256,256,256,256,256,256,256,256,256,256,256,256,256,256,256,256,256,256,256,256,256,256,256,256,256,256,256,256,256,256,256,256,256,256,256,256,256,256,256,256,256,256,256,256,256,256,256,256,256,256,256,256,277,413,413,413,413,413,409,256,256,256,256,256,256,256,256,256,256,256,256,256,256,256,256,256,256,256,256,256,256,256,256,256,256,256,256,256,256,256,256,256,256,256,256,256,256,256,256,256,256,256,256,256,256,256,256,256,256,256,256,256,256,256,256,256,256,256,256,256,256,0
0,256,256,256,256,256,256,256,256,256,256,256,256,256,256,256,256,256,256,256,256,256,256,256,256,256,256,256,256,256,256,256,256,256,256,256,256,256,256,256,256,256,256,256,256,256,256,256,256,256,256,256,256,256,256,256,256,256,256,256,256,256,256,256,256,256,256,256,256,256,256,256,256,256,256,256,256,256,256,256,256,256,256,256,256,256,256,256,256,256,256,256,256,256,256,256,256,256,256,256,256,256,256,256,256,256,256,256,256,256,256,256,256,256,256,256,256,256,256,256,256,256,256,256,256,256,256,0
0,256,256,256,256,256,256,256,256,256,256,256,256,256,256,256,256,256,256,256,256,256,256,256,256,256,256,256,256,256,256,256,256,256,256,256,256,256,256,256,256,256,256,256,256,256,256,256,256,256,256,256,256,256,256,256,256,256,256,256,256,256,256,256,256,256,256,256,256,256,256,256,256,256,256,256,256,256,256,256,256,256,256,256,256,256,256,256,256,256,256,256,256,256,256,256,256,256,256,256,256,256,256,256,256,256,256,256,256,256,256,256,256,256,256,256,256,256,256,256,256,256,256,256,256,256,256,0
0,256,256,256,256,256,256,256,256,256,256,256,256,256,256,256,256,256,256,256,256,256,256,256,256,256,256,256,256,256,256,256,256,256,256,256,256,256,256,256,256,256,256,256,256,256,256,256,256,256,256,256,256,256,256,256,256,256,256,256,256,256,256,256,256,256,256,256,256,256,256,256,256,256,256,256,256,256,256,256,256,256,256,256,256,256,256,256,256,256,256,256,256,256,256,256,256,256,256,256,256,256,256,256,256,256,256,256,256,256,256,256,256,256,256,256,256,256,256,256,256,256,256,256,256,256,256,0
0,256,256,256,256,256,256,256,256,256,256,256,256,256,256,256,256,256,256,256,256,256,256,256,256,256,256,256,256,256,256,256,256,256,256,256,256,256,256,256,256,256,256,256,256,256,256,256,256,256,256,256,256,256,256,256,256,256,256,256,256,256,256,256,256,256,256,256,256,256,256,256,256,256,256,256,256,256,256,256,256,256,256,256,256,256,256,256,256,256,256,256,256,256,256,256,256,256,256,256,256,256,256,256,256,256,256,256,256,256,256,256,256,256,256,256,256,256,256,256,256,256,256,256,256,256,256,0
0,256,256,256,256,256,256,256,256,256,256,256,256,256,256,256,256,256,256,256,256,256,256,256,256,256,256,256,256,256,256,256,256,256,256,256,256,256,256,256,256,256,256,256,256,256,256,256,256,256,256,256,256,256,256,256,256,256,256,256,256,256,256,256,256,256,256,256,256,256,256,256,256,256,256,256,256,256,256,256,256,256,256,256,256,256,256,256,256,256,256,256,256,256,256,256,256,256,256,256,256,256,256,256,256,256,256,256,256,256,256,256,256,256,256,256,256,256,256,256,256,256,256,256,256,256,256,0
0,256,256,256,256,256,256,256,256,256,256,256,256,256,256,256,256,256,256,256,256,256,256,256,256,256,256,256,256,256,256,256,256,256,256,256,256,256,256,256,256,256,256,256,256,256,256,256,256,256,256,256,256,256,256,256,256,256,256,256,256,256,256,256,256,256,256,256,256,256,256,256,256,256,256,256,256,256,256,256,256,256,256,256,256,256,256,256,256,256,256,256,256,256,256,256,256,256,256,256,256,256,256,256,256,256,256,256,256,256,256,256,256,256,256,256,256,256,256,256,256,256,256,256,256,256,256,0
0,256,256,256,256,256,256,256,256,256,256,256,256,256,256,256,256,256,256,256,256,256,256,256,256,256,256,256,256,256,256,256,256,256,256,256,256,256,256,256,256,256,256,256,256,256,256,256,256,256,256,256,256,256,256,256,256,256,256,256,256,256,256,256,256,256,256,256,256,256,256,256,256,256,256,256,256,256,256,256,256,256,256,256,256,256,256,256,256,256,256,256,256,256,256,256,256,256,256,256,256,256,256,256,256,256,256,256,256,256,256,256,256,256,256,256,256,256,256,256,256,256,256,256,256,256,256,0
0,256,256,256,256,256,256,256,256,256,256,256,256,256,256,256,256,256,256,256,256,256,256,256,256,256,256,256,256,256,256,256,256,256,256,256,256,256,256,256,256,256,256,256,256,256,256,256,256,256,256,256,256,256,256,256,256,256,256,256,256,256,256,256,256,256,256,256,256,256,256,256,256,256,256,256,256,256,256,256,256,256,256,256,256,256,256,256,256,256,256,256,256,256,256,256,256,256,256,256,256,256,256,256,256,256,256,256,256,256,256,256,256,256,256,256,256,256,256,256,256,256,256,256,256,256,256,0
0,256,256,256,256,256,256,256,256,256,256,256,256,256,256,256,256,256,256,256,256,256,256,256,256,256,256,256,256,256,256,256,256,256,256,256,256,256,256,256,256,256,256,256,256,256,256,256,256,256,256,256,256,256,256,256,256,256,256,256,256,256,256,256,256,256,256,256,256,256,256,256,256,256,256,256,256,256,256,256,256,256,256,256,256,256,256,256,256,256,256,256,256,256,256,256,256,256,256,256,256,256,256,256,256,256,256,256,256,256,256,256,256,256,256,256,256,256,256,256,256,256,256,256,256,256,256,0
0,256,256,256,256,256,256,256,256,256,256,256,256,256,256,256,256,256,256,256,256,256,256,256,256,256,256,256,256,256,256,256,256,256,256,256,256,256,256,256,256,256,256,256,256,256,256,256,256,256,256,256,256,256,256,256,256,256,256,256,256,256,256,256,256,256,256,256,256,256,256,256,256,256,256,256,256,256,256,256,256,256,256,256,256,256,256,256,256,256,256,256,256,256,256,256,256,256,256,256,256,256,256,256,256,256,256,256,256,256,256,256,256,256,256,256,256,256,256,256,256,256,256,256,256,256,256,0
0,256,256,256,256,256,256,256,256,256,256,256,256,256,256,256,256,256,256,256,256,256,256,256,256,256,256,256,256,256,256,256,256,256,256,256,256,256,256,256,256,256,256,256,256,256,256,256,256,256,256,256,256,256,256,256,256,256,256,256,256,256,256,256,256,256,256,256,256,256,256,256,256,256,256,256,256,256,256,256,256,256,256,256,256,256,256,256,256,256,256,256,256,256,256,256,256,256,256,256,256,256,256,256,256,256,256,256,256,256,256,256,256,256,256,256,256,256,256,256,256,256,256,256,256,256,256,0
0,256,256,256,256,256,256,256,256,256,256,256,256,256,256,256,256,256,256,256,256,256,256,256,256,256,256,256,256,256,256,256,256,256,256,256,256,256,256,256,256,256,256,256,256,256,256,256,256,256,256,256,256,256,256,256,256,256,256,256,256,256,256,256,256,256,256,256,256,256,256,256,256,256,256,256,256,256,256,256,256,256,256,256,256,256,256,256,256,256,256,256,256,256,256,256,256,256,256,256,256,256,256,256,256,256,256,256,256,256,256,256,256,256,256,256,256,256,256,256,256,256,256,256,256,256,256,0
0,256,256,256,256,256,256,256,256,256,256,256,256,256,256,256,256,256,256,256,256,256,256,256,256,256,256,256,256,256,256,256,256,256,256,256,256,256,256,256,256,256,256,256,256,256,256,256,256,256,256,256,256,256,256,256,256,256,256,256,256,256,256,256,256,256,256,256,256,256,256,256,256,256,256,256,256,256,256,256,256,256,256,256,256,256,256,256,256,256,256,256,256,256,256,256,256,256,256,256,256,256,256,256,256,256,256,256,256,256,256,256,256,256,256,256,256,256,256,256,256,256,256,256,256,256,256,0
0,256,256,256,256,256,256,256,256,256,256,256,256,256,256,256,256,256,256,256,256,256,256,256,256,256,256,256,256,256,256,256,256,256,256,256,256,256,256,256,256,256,256,256,256,256,256,256,256,256,256,256,256,256,256,256,256,256,256,256,256,256,256,256,256,256,256,256,256,256,256,256,256,256,256,256,256,256,256,256,256,256,256,256,256,256,256,256,256,256,256,256,256,256,256,256,256,256,256,256,256,256,256,256,256,256,256,256,256,256,256,256,256,256,256,256,256,256,256,256,256,256,256,256,256,256,256,0
0,256,256,256,256,256,256,256,256,256,256,256,256,256,256,256,256,256,256,256,256,256,256,256,256,256,256,256,256,256,256,256,256,256,256,256,256,256,256,256,256,256,256,256,256,256,256,256,256,256,256,256,256,256,256,256,256,256,256,256,256,256,256,256,256,256,256,256,256,256,256,256,256,256,256,256,256,256,256,256,256,256,256,256,256,256,256,256,256,256,256,256,256,256,256,256,256,256,256,256,256,256,256,256,256,256,256,256,256,256,256,256,256,256,256,256,256,256,256,256,256,256,256,256,256,256,256,0
0,256,256,256,256,256,256,256,256,256,256,256,256,256,256,256,256,256,256,256,256,256,256,256,256,256,256,256,256,256,256,256,256,256,256,256,256,256,256,256,256,256,256,256,256,256,256,256,256,256,256,256,256,256,256,256,256,256,256,256,256,256,256,256,256,256,256,256,256,256,256,256,256,256,256,256,256,256,256,256,256,256,256,256,256,256,256,256,256,256,256,256,256,256,256,256,256,256,256,256,256,256,256,256,256,256,256,256,256,256,256,256,256,256,256,256,256,256,256,256,256,256,256,256,256,256,256,0
0,256,256,256,256,256,256,256,256,256,256,256,256,256,256,256,256,256,256,256,256,256,256,256,256,256,256,256,256,256,256,256,256,256,256,256,256,256,256,256,256,256,256,256,256,256,256,256,256,256,256,256,256,256,256,256,256,256,256,256,256,256,256,256,256,256,256,256,256,256,256,256,256,256,256,256,256,256,256,256,256,256,256,256,256,256,256,256,256,256,256,256,256,256,256,256,256,256,256,256,256,256,256,256,256,256,256,256,256,256,256,256,256,256,256,256,256,256,256,256,256,256,256,256,256,256,256,0
0,256,256,256,256,256,256,256,256,256,256,256,256,256,256,256,256,256,256,256,256,256,256,256,256,256,256,256,256,256,256,256,256,256,256,256,256,256,256,256,256,256,256,256,256,256,256,256,256,256,256,256,256,256,256,256,256,256,256,256,256,256,256,256,256,256,256,256,256,256,256,256,256,256,256,256,256,256,256,256,256,256,256,256,256,256,256,256,256,256,256,256,256,256,256,256,256,256,256,256,256,256,256,256,256,256,256,256,256,256,256,256,256,256,256,256,256,256,256,256,256,256,256,256,256,256,256,0
0,0,0,0,0,0,0,0,0,0,0,0,0,0,0,0,0,0,0,0,0,0,0,0,0,0,0,0,0,0,0,0,0,0,0,0,0,0,0,0,0,0,0,0,0,0,0,0,0,0,0,0,0,0,0,0,0,0,0,0,0,0,0,0,0,0,0,0,0,0,0,0,0,0,0,0,0,0,0,0,0,0,0,0,0,0,0,0,0,0,0,0,0,0,0,0,0,0,0,0,0,0,0,0,0,0,0,0,0,0,0,0,0,0,0,0,0,0,0,0,0,0,0,0,0,0,0,0
