32704
32767
32768
32831
0,0,0,0,0,0,0,0,0,0,0,0,0,0,0,0,0,0,0,0,0,0,0,0,0,0,0,0,0,0,0,0,0,0,0,0,0,0,0,0,0,0,0,0,0,0,0,0,0,0,0,0,0,0,0,0,0,0,0,0,0,0,0,0
0,256,256,256,256,256,256,256,256,256,256,256,256,256,256,256,256,256,256,256,256,256,256,256,256,256,256,256,256,256,256,256,256,256,256,256,256,256,256,256,256,256,256,256,256,256,256,256,256,256,256,256,256,256,256,256,256,256,256,256,256,256,256,0
0,256,256,256,256,256,256,256,256,256,256,256,256,256,256,256,256,256,256,256,256,256,256,256,256,256,256,256,256,256,256,256,256,256,256,256,256,256,256,256,256,256,256,256,256,256,256,256,256,256,256,256,256,256,256,256,256,256,256,256,256,256,256,0
0,256,256,256,256,256,256,256,256,256,256,256,256,256,256,256,256,256,256,256,256,256,256,256,256,256,256,256,256,256,256,256,256,256,256,256,256,256,256,256,256,256,256,256,256,256,256,256,256,256,256,256,256,256,256,256,256,256,256,256,256,256,256,0
0,256,256,256,256,256,256,256,256,256,256,256,256,256,256,256,256,256,256,256,256,256,256,256,256,256,256,256,256,256,256,256,256,256,256,256,256,256,256,256,256,256,256,256,256,256,256,256,256,256,256,256,256,256,256,256,256,256,256,256,256,256,256,0
0,256,256,256,256,256,256,256,256,256,256,256,256,256,256,256,256,256,256,256,256,256,256,256,256,256,256,256,256,256,256,256,256,256,256,256,256,256,256,256,256,256,256,256,256,256,256,256,256,256,256,256,256,256,256,256,256,256,256,256,256,256,256,0
0,256,256,256,256,256,256,256,256,256,256,256,256,256,256,256,256,256,256,256,256,256,256,256,256,256,256,256,256,256,256,256,256,256,256,256,256,256,256,256,256,256,256,256,256,256,256,256,256,256,256,256,256,256,256,256,256,256,256,256,256,256,256,0
0,256,256,256,256,256,256,256,256,256,256,256,256,256,256,256,256,256,256,256,256,256,256,256,256,256,256,256,256,256,256,256,256,256,256,256,256,256,256,256,256,256,256,256,256,256,256,256,256,256,256,256,256,256,256,256,256,256,256,256,256,256,256,0
0,256,256,256,256,256,256,256,256,256,256,256,256,256,256,256,256,256,256,256,256,256,256,256,256,256,256,256,256,256,256,256,256,256,256,256,256,256,256,256,256,256,256,256,256,256,256,256,256,256,256,256,256,256,256,256,256,256,256,256,256,256,256,0
0,256,256,256,256,256,256,256,256,256,256,256,256,256,256,256,256,256,256,256,256,256,256,256,256,256,256,256,256,256,256,256,256,256,256,256,256,256,256,256,256,256,256,256,256,256,256,256,256,256,256,256,256,256,256,256,256,256,256,256,256,256,256,0
0,256,256,256,256,256,256,256,256,256,256,256,256,256,256,256,256,256,256,256,256,256,256,256,256,256,256,256,256,256,256,256,256,256,256,256,256,256,256,256,256,256,256,256,256,256,256,256,256,256,256,256,256,256,256,256,256,256,256,256,256,256,256,0
0,256,256,256,256,256,256,256,256,256,256,256,256,256,256,256,256,256,256,256,256,256,256,256,256,256,256,256,256,256,256,256,256,256,256,256,256,256,256,256,256,256,256,256,256,256,256,256,256,256,256,256,256,256,256,256,256,256,256,256,256,256,256,0
0,256,256,256,256,256,256,256,256,256,256,256,256,256,256,256,256,256,256,256,256,256,256,256,256,256,256,256,256,256,256,256,256,256,256,256,256,256,256,256,256,256,256,256,256,256,256,256,256,256,256,256,256,256,256,256,256,256,256,256,256,256,256,0
0,256,256,256,256,256,256,256,256,256,256,256,256,256,256,256,256,256,256,256,256,256,256,256,256,256,256,256,256,256,256,256,256,256,256,256,256,256,256,256,256,256,256,256,256,256,256,256,256,256,256,256,256,256,256,256,256,256,256,256,256,256,256,0
0,256,256,256,256,256,256,256,256,256,256,256,256,256,256,256,256,256,256,256,256,256,256,256,256,256,256,256,256,256,256,256,256,256,256,256,256,256,256,256,256,256,256,256,256,256,256,256,256,256,256,256,256,256,256,256,256,256,256,256,256,256,256,0
0,256,256,256,256,256,256,256,256,256,256,256,256,256,256,256,256,256,256,256,256,256,256,256,256,256,256,256,256,256,256,256,256,256,256,256,256,256,256,256,256,256,256,256,256,256,256,256,256,256,256,256,256,256,256,256,256,256,256,256,256,256,256,0
0,256,256,256,256,256,256,256,256,256,256,256,256,256,256,256,256,256,256,256,256,256,256,256,256,256,294,366,362,256,256,358,366,330,256,256,256,256,256,256,256,256,256,256,256,256,256,256,256,256,256,256,256,256,256,256,256,256,256,256,256,256,256,0
0,256,256,256,256,256,256,256,256,256,256,256,256,256,256,256,256,256,256,256,256,358,362,256,256,256,375,511,495,494,382,383,511,491,256,256,256,256,256,256,256,256,256,256,256,256,256,256,256,256,256,256,256,256,256,256,256,256,256,256,256,256,256,0
0,256,256,256,256,256,256,256,256,256,256,256,256,256,256,256,256,256,256,256,374,383,495,494,366,382,383,511,511,511,511,511,511,495,490,256,256,256,256,256,256,256,256,256,256,256,256,256,256,256,256,256,256,256,256,256,256,256,256,256,256,256,256,0
0,256,256,256,256,256,256,256,256,256,256,256,256,256,256,256,292,302,366,382,383,511,511,511,511,511,511,511,511,511,511,511,511,511,495,494,366,366,366,366,330,256,256,256,256,256,256,256,256,256,256,256,256,256,256,256,256,256,256,256,256,256,256,0
0,256,256,256,256,256,256,256,256,256,256,256,256,256,256,256,256,405,445,447,511,511,511,479,509,447,479,477,413,445,447,511,511,511,511,511,511,511,511,511,459,256,256,256,256,256,256,256,256,256,256,256,256,256,256,256,256,256,256,256,256,256,256,0
0,256,256,256,256,256,256,256,256,256,256,256,256,256,256,256,256,256,256,439,511,511,511,507,256,471,473,256,256,256,437,447,511,511,511,511,511,511,511,511,459,256,256,256,256,256,256,256,256,256,256,256,256,256,256,256,256,256,256,256,256,256,256,0
0,256,256,256,256,256,256,256,256,256,256,256,256,256,256,256,256,256,256,311,511,511,511,495,478,345,256,256,256,256,256,437,447,511,511,511,511,511,511,511,491,256,256,256,256,256,256,256,256,256,256,256,256,256,256,256,256,256,256,256,256,256,256,0
0,256,256,256,256,256,256,256,256,256,256,256,256,256,256,256,256,256,256,311,511,511,511,479,473,256,256,256,256,256,256,256,439,511,511,511,511,511,511,511,495,494,366,366,330,256,256,256,256,256,256,256,256,256,256,256,256,256,256,256,256,256,256,0
0,256,256,256,256,256,256,256,256,256,256,256,256,256,256,256,256,256,256,375,511,511,511,475,256,256,256,256,256,256,256,256,311,511,511,511,479,509,447,511,511,511,511,511,459,256,256,256,256,256,256,256,256,256,256,256,256,256,256,256,256,256,256,0
0,256,256,256,256,256,256,256,256,256,256,256,256,256,256,256,256,256,374,383,511,511,511,459,256,256,256,256,256,256,256,256,311,511,511,511,507,256,503,511,511,511,511,511,459,256,256,256,256,256,256,256,256,256,256,256,256,256,256,256,256,256,256,0
0,256,256,256,256,256,256,256,256,256,256,256,256,256,256,256,256,374,383,511,511,511,511,491,256,256,256,256,256,256,256,256,311,511,511,511,495,510,383,511,511,511,511,511,459,256,256,256,256,256,256,256,256,256,256,256,256,256,256,256,256,256,256,0
0,256,256,256,256,256,256,256,256,256,256,256,256,256,256,256,310,383,511,511,479,477,445,431,458,256,256,256,256,256,256,256,311,511,511,511,511,511,511,511,511,511,511,511,459,256,256,256,256,256,256,256,256,256,256,256,256,256,256,256,256,256,256,0
0,256,256,256,256,256,256,256,256,256,256,256,256,256,256,256,311,511,511,511,475,256,256,439,491,256,256,256,256,256,256,256,375,511,511,511,511,511,511,511,511,511,511,511,459,256,256,256,256,256,256,256,256,256,256,256,256,256,256,256,256,256,256,0
0,256,256,256,256,256,256,256,256,256,256,256,256,256,256,256,311,511,511,511,491,256,256,375,495,490,256,256,256,256,256,374,383,511,511,511,511,511,511,479,509,447,511,479,457,256,256,256,256,256,256,256,256,256,256,256,256,256,256,256,256,256,256,0
0,256,256,256,256,256,256,256,256,256,256,256,256,256,256,256,311,511,511,511,495,494,382,383,511,495,490,256,256,358,382,383,511,511,511,511,511,511,511,507,256,503,479,473,256,256,256,256,256,256,256,256,256,256,256,256,256,256,256,256,256,256,256,0
0,256,256,256,256,256,256,256,256,256,256,256,256,256,256,256,311,511,511,511,511,511,511,511,511,511,495,494,382,383,511,511,511,511,511,511,511,511,511,495,510,383,475,256,256,256,256,256,256,256,256,256,256,256,256,256,256,256,256,256,256,256,256,0
0,256,256,256,256,256,256,256,256,256,256,256,256,256,256,256,311,511,511,511,511,511,477,445,511,511,511,511,511,511,511,511,511,511,511,511,511,511,511,511,479,477,393,256,256,256,256,256,256,256,256,256,256,256,256,256,256,256,256,256,256,256,256,0
0,256,256,256,256,256,256,256,256,256,256,256,256,256,256,256,311,511,511,511,511,511,462,380,415,477,445,447,511,511,511,511,511,511,511,511,511,511,511,511,475,256,256,256,256,256,256,256,256,256,256,256,256,256,256,256,256,256,256,256,256,256,256,0
0,256,256,256,256,256,256,256,256,256,256,256,256,256,256,256,311,511,511,511,511,511,507,256,467,256,256,439,511,511,511,511,511,511,511,511,511,511,511,511,491,256,256,256,256,256,256,256,256,256,256,256,256,256,256,256,256,256,256,256,256,256,256,0
0,256,256,256,256,256,256,256,256,256,256,256,256,256,256,256,277,445,447,511,511,511,495,510,363,256,256,311,511,511,511,511,511,511,511,511,511,511,511,511,463,456,256,256,256,256,256,256,256,256,256,256,256,256,256,256,256,256,256,256,256,256,256,0
0,256,256,256,256,256,256,256,256,256,256,256,256,256,256,256,256,256,437,447,511,511,511,511,495,458,256,311,511,511,511,511,511,511,479,477,445,447,511,511,507,256,322,256,256,256,256,256,256,256,256,256,256,256,256,256,256,256,256,256,256,256,256,0
0,256,256,256,256,256,256,256,256,256,256,256,256,256,256,256,256,256,256,439,511,511,511,479,477,393,256,309,447,511,511,511,511,511,475,256,256,439,511,511,495,510,363,256,256,256,256,256,256,256,256,256,256,256,256,256,256,256,256,256,256,256,256,0
0,256,256,256,256,256,256,256,256,256,256,256,256,256,256,256,256,256,256,311,511,511,511,507,256,256,256,256,503,511,511,511,511,511,491,256,256,375,511,511,511,511,495,458,256,256,256,256,256,256,256,256,256,256,256,256,256,256,256,256,256,256,256,0
0,256,256,256,256,256,256,256,256,256,256,256,256,256,256,256,256,256,256,311,511,511,511,495,494,366,366,382,383,511,511,511,511,511,495,494,382,383,511,511,511,511,511,459,256,256,256,256,256,256,256,256,256,256,256,256,256,256,256,256,256,256,256,0
0,256,256,256,256,256,256,256,256,256,256,256,256,256,256,256,256,256,256,311,511,511,511,511,511,511,511,511,511,511,511,511,511,511,511,511,479,477,413,413,445,447,479,457,256,256,256,256,256,256,256,256,256,256,256,256,256,256,256,256,256,256,256,0
0,256,256,256,256,256,256,256,256,256,256,256,256,256,256,256,256,256,256,277,445,447,511,511,511,511,511,511,511,511,511,511,511,511,511,479,473,256,256,256,256,437,411,256,256,256,256,256,256,256,256,256,256,256,256,256,256,256,256,256,256,256,256,0
0,256,256,256,256,256,256,256,256,256,256,256,256,256,256,256,256,256,256,256,256,437,447,511,511,511,511,511,479,477,413,413,445,447,479,473,256,256,256,256,256,256,387,256,256,256,256,256,256,256,256,256,256,256,256,256,256,256,256,256,256,256,256,0
0,256,256,256,256,256,256,256,256,256,256,256,256,256,256,256,256,256,256,256,256,256,437,447,511,511,511,511,475,256,256,256,256,437,411,256,256,256,256,256,256,256,257,256,256,256,256,256,256,256,256,256,256,256,256,256,256,256,256,256,256,256,256,0
0,256,256,256,256,256,256,256,256,256,256,256,256,256,256,256,256,256,256,256,256,256,256,439,511,511,511,479,457,256,256,256,256,256,387,256,256,256,256,256,256,256,256,256,256,256,256,256,256,256,256,256,256,256,256,256,256,256,256,256,256,256,256,0
0,256,256,256,256,256,256,256,256,256,256,256,256,256,256,256,256,256,256,256,256,256,256,277,413,413,413,409,256,256,256,256,256,256,257,256,256,256,256,256,256,256,256,256,256,256,256,256,256,256,256,256,256,256,256,256,256,256,256,256,256,256,256,0
0,256,256,256,256,256,256,256,256,256,256,256,256,256,256,256,256,256,256,256,256,256,256,256,256,256,256,256,256,256,256,256,256,256,256,256,256,256,256,256,256,256,256,256,256,256,256,256,256,256,256,256,256,256,256,256,256,256,256,256,256,256,256,0
0,256,256,256,256,256,256,256,256,256,256,256,256,256,256,256,256,256,256,256,256,256,256,256,256,256,256,256,256,256,256,256,256,256,256,256,256,256,256,256,256,256,256,256,256,256,256,256,256,256,256,256,256,256,256,256,256,256,256,256,256,256,256,0
0,256,256,256,256,256,256,256,256,256,256,256,256,256,256,256,256,256,256,256,256,256,256,256,256,256,256,256,256,256,256,256,256,256,256,256,256,256,256,256,256,256,256,256,256,256,256,256,256,256,256,256,256,256,256,256,256,256,256,256,256,256,256,0
0,256,256,256,256,256,256,256,256,256,256,256,256,256,256,256,256,256,256,256,256,256,256,256,256,256,256,256,256,256,256,256,256,256,256,256,256,256,256,256,256,256,256,256,256,256,256,256,256,256,256,256,256,256,256,256,256,256,256,256,256,256,256,0
0,256,256,256,256,256,256,256,256,256,256,256,256,256,256,256,256,256,256,256,256,256,256,256,256,256,256,256,256,256,256,256,256,256,256,256,256,256,256,256,256,256,256,256,256,256,256,256,256,256,256,256,256,256,256,256,256,256,256,256,256,256,256,0
0,256,256,256,256,256,256,256,256,256,256,256,256,256,256,256,256,256,256,256,256,256,256,256,256,256,256,256,256,256,256,256,256,256,256,256,256,256,256,256,256,256,256,256,256,256,256,256,256,256,256,256,256,256,256,256,256,256,256,256,256,256,256,0
0,256,256,256,256,256,256,256,256,256,256,256,256,256,256,256,256,256,256,256,256,256,256,256,256,256,256,256,256,256,256,256,256,256,256,256,256,256,256,256,256,256,256,256,256,256,256,256,256,256,256,256,256,256,256,256,256,256,256,256,256,256,256,0
0,256,256,256,256,256,256,256,256,256,256,256,256,256,256,256,256,256,256,256,256,256,256,256,256,256,256,256,256,256,256,256,256,256,256,256,256,256,256,256,256,256,256,256,256,256,256,256,256,256,256,256,256,256,256,256,256,256,256,256,256,256,256,0
0,256,256,256,256,256,256,256,256,256,256,256,256,256,256,256,256,256,256,256,256,256,256,256,256,256,256,256,256,256,256,256,256,256,256,256,256,256,256,256,256,256,256,256,256,256,256,256,256,256,256,256,256,256,256,256,256,256,256,256,256,256,256,0
0,256,256,256,256,256,256,256,256,256,256,256,256,256,256,256,256,256,256,256,256,256,256,256,256,256,256,256,256,256,256,256,256,256,256,256,256,256,256,256,256,256,256,256,256,256,256,256,256,256,256,256,256,256,256,256,256,256,256,256,256,256,256,0
0,256,256,256,256,256,256,256,256,256,256,256,256,256,256,256,256,256,256,256,256,256,256,256,256,256,256,256,256,256,256,256,256,256,256,256,256,256,256,256,256,256,256,256,256,256,256,256,256,256,256,256,256,256,256,256,256,256,256,256,256,256,256,0
0,256,256,256,256,256,256,256,256,256,256,256,256,256,256,256,256,256,256,256,256,256,256,256,256,256,256,256,256,256,256,256,256,256,256,256,256,256,256,256,256,256,256,256,256,256,256,256,256,256,256,256,256,256,256,256,256,256,256,256,256,256,256,0
0,256,256,256,256,256,256,256,256,256,256,256,256,256,256,256,256,256,256,256,256,256,256,256,256,256,256,256,256,256,256,256,256,256,256,256,256,256,256,256,256,256,256,256,256,256,256,256,256,256,256,256,256,256,256,256,256,256,256,256,256,256,256,0
0,256,256,256,256,256,256,256,256,256,256,256,256,256,256,256,256,256,256,256,256,256,256,256,256,256,256,256,256,256,256,256,256,256,256,256,256,256,256,256,256,256,256,256,256,256,256,256,256,256,256,256,256,256,256,256,256,256,256,256,256,256,256,0
0,256,256,256,256,256,256,256,256,256,256,256,256,256,256,256,256,256,256,256,256,256,256,256,256,256,256,256,256,256,256,256,256,256,256,256,256,256,256,256,256,256,256,256,256,256,256,256,256,256,256,256,256,256,256,256,256,256,256,256,256,256,256,0
0,256,256,256,256,256,256,256,256,256,256,256,256,256,256,256,256,256,256,256,256,256,256,256,256,256,256,256,256,256,256,256,256,256,256,256,256,256,256,256,256,256,256,256,256,256,256,256,256,256,256,256,256,256,256,256,256,256,256,256,256,256,256,0
0,256,256,256,256,256,256,256,256,256,256,256,256,256,256,256,256,256,256,256,256,256,256,256,256,256,256,256,256,256,256,256,256,256,256,256,256,256,256,256,256,256,256,256,256,256,256,256,256,256,256,256,256,256,256,256,256,256,256,256,256,256,256,0
0,0,0,0,0,0,0,0,0,0,0,0,0,0,0,0,0,0,0,0,0,0,0,0,0,0,0,0,0,0,0,0,0,0,0,0,0,0,0,0,0,0,0,0,0,0,0,0,0,0,0,0,0,0,0,0,0,0,0,0,0,0,0,0
