32640
32767
33024
33151
0,0,0,0,0,0,0,0,0,0,0,0,0,0,0,0,0,0,0,0,0,0,0,0,0,0,0,0,0,0,0,0,0,0,0,0,0,0,0,0,0,0,0,0,0,0,0,0,0,0,0,0,0,0,0,0,0,0,0,0,0,0,0,0,0,0,0,0,0,0,0,0,0,0,0,0,0,0,0,0,0,0,0,0,0,0,0,0,0,0,0,0,0,0,0,0,0,0,0,0,0,0,0,0,0,0,0,0,0,0,0,0,0,0,0,0,0,0,0,0,0,0,0,0,0,0,0,0
0,256,256,256,256,256,256,256,256,256,256,256,256,256,256,256,256,256,256,256,256,256,256,256,256,256,256,256,256,256,256,256,256,256,256,256,256,256,256,256,256,256,256,256,256,256,256,256,256,256,256,256,256,256,256,256,256,256,256,256,256,256,256,256,256,256,256,256,256,256,256,256,256,256,256,256,256,256,256,256,256,256,256,256,256,256,256,256,256,256,256,256,256,256,256,256,256,256,256,256,256,256,256,256,256,256,256,256,256,256,256,256,256,256,256,256,256,256,256,256,256,256,256,256,256,256,256,0
0,256,256,256,256,256,256,256,256,256,256,256,256,256,256,256,256,256,256,256,256,256,256,256,256,256,256,256,256,256,256,256,256,256,256,256,256,256,256,256,256,256,256,256,256,256,256,256,256,256,256,256,256,256,256,256,256,256,256,256,256,256,256,256,256,256,256,256,256,256,256,256,256,256,256,256,256,256,256,256,256,256,256,256,256,256,256,256,256,256,256,256,256,256,256,256,256,256,256,256,256,256,256,256,256,256,256,256,256,256,256,256,256,256,256,256,256,256,256,256,256,256,256,256,256,256,256,0
0,256,256,256,256,256,256,256,256,256,256,256,256,256,256,256,256,256,256,256,256,256,256,256,256,256,256,256,256,256,256,256,256,256,256,256,256,256,256,256,256,256,256,256,256,256,256,256,256,256,256,256,256,256,256,256,256,256,256,256,256,256,256,256,256,256,256,256,256,256,256,256,256,256,256,256,256,256,256,256,256,256,256,256,256,256,256,256,256,256,256,256,256,256,256,256,256,256,256,256,256,256,256,256,256,256,256,256,256,256,256,256,256,256,256,256,256,256,256,256,256,256,256,256,256,256,256,0
0,256,256,256,256,256,256,256,256,256,256,256,256,256,256,256,256,256,256,256,256,256,256,256,256,256,256,256,256,256,256,256,256,256,256,256,256,256,256,256,256,256,256,256,256,256,256,256,256,256,256,256,256,256,256,256,256,256,256,256,256,256,256,256,256,256,256,256,256,256,256,256,256,256,256,256,256,256,256,256,256,256,256,256,256,256,256,256,256,256,256,256,256,256,256,256,256,256,256,256,256,256,256,256,256,256,256,256,256,256,256,256,256,256,256,256,256,256,256,256,256,256,256,256,256,256,256,0
0,256,256,256,256,256,256,256,256,256,256,256,256,256,256,256,256,256,256,256,256,256,256,256,256,256,256,256,256,256,256,256,256,256,256,256,256,256,256,256,256,256,256,256,256,256,256,256,256,256,256,256,256,256,256,256,256,256,256,256,256,256,256,256,256,256,256,256,256,256,256,256,256,256,256,256,256,256,256,256,256,256,256,256,256,256,256,256,256,256,256,256,256,256,256,256,256,256,256,256,256,256,256,256,256,256,256,256,256,256,256,256,256,256,256,256,256,256,256,256,256,256,256,256,256,256,256,0
0,256,256,256,256,256,256,256,256,256,256,256,256,256,256,256,256,256,256,256,256,256,256,256,256,256,256,256,256,256,256,256,256,256,256,256,256,256,256,256,256,256,256,256,256,256,256,256,256,256,256,256,256,256,256,256,256,256,256,256,256,256,256,256,256,256,256,256,256,256,256,256,256,256,256,256,256,256,256,256,256,256,256,256,256,256,256,256,256,256,256,256,256,256,256,256,256,256,256,256,256,256,256,256,256,256,256,256,256,256,256,256,256,256,256,256,256,256,256,256,256,256,256,256,256,256,256,0
0,256,256,256,256,256,256,256,256,256,256,256,256,256,256,256,256,256,256,256,256,256,256,256,256,256,256,256,256,256,256,256,256,256,256,256,256,256,256,256,256,256,256,256,256,256,256,256,256,256,256,256,256,256,256,256,256,256,256,256,256,256,256,256,256,256,256,256,256,256,256,256,256,256,256,256,256,256,256,256,256,256,256,256,256,256,256,256,256,256,256,256,256,256,256,256,256,256,256,256,256,256,256,256,256,256,256,256,256,256,256,256,256,256,256,256,256,256,256,256,256,256,256,256,256,256,256,0
0,256,256,256,256,256,256,256,256,256,256,256,256,256,256,256,256,256,256,256,256,256,256,256,256,256,256,256,256,256,256,256,256,256,256,256,256,256,256,256,256,256,256,256,256,256,256,256,256,256,256,256,256,256,256,256,256,256,256,256,256,256,256,256,256,256,256,256,256,256,256,256,256,256,256,256,256,256,256,256,256,256,256,256,256,256,256,256,256,256,256,256,256,256,256,256,256,256,256,256,256,256,256,256,256,256,256,256,256,256,256,256,256,256,256,256,256,256,256,256,256,256,256,256,256,256,256,0
0,256,256,256,256,256,256,256,256,256,256,256,256,256,256,256,256,256,256,256,256,256,256,256,256,256,256,256,256,256,256,256,256,256,256,256,256,256,256,256,256,256,256,256,256,256,256,256,256,256,256,256,256,256,256,256,256,256,256,256,256,256,256,256,256,256,256,256,256,256,256,256,256,256,256,256,256,256,256,256,256,256,256,256,256,256,256,256,256,256,256,256,256,256,256,256,256,256,256,256,256,256,256,256,256,256,256,256,256,256,256,256,256,256,256,256,256,256,256,256,256,256,256,256,256,256,256,0
0,256,256,256,256,256,256,256,256,256,256,256,256,256,256,256,256,256,256,256,256,256,256,256,256,256,256,256,256,256,256,256,256,256,256,256,256,256,256,256,256,256,256,256,256,256,256,256,256,256,256,256,256,256,256,256,256,256,256,256,256,256,256,256,256,256,256,256,256,256,256,256,256,256,256,256,256,256,256,256,256,256,256,256,256,256,256,256,256,256,256,256,256,256,256,256,256,256,256,256,256,256,256,256,256,256,256,256,256,256,256,256,256,256,256,256,256,256,256,256,256,256,256,256,256,256,256,0
0,256,256,256,256,256,256,256,256,256,256,256,256,256,256,256,256,256,256,256,256,256,256,256,256,256,256,256,256,256,256,256,256,256,256,256,256,256,256,256,256,256,256,256,256,256,256,256,256,256,256,256,256,256,256,256,256,256,256,256,256,256,256,256,256,256,256,256,256,256,256,256,256,256,256,256,256,256,256,256,256,256,256,256,256,256,256,256,256,256,256,256,256,256,256,256,256,256,256,256,256,256,256,256,256,256,256,256,256,256,256,256,256,256,256,256,256,256,256,256,256,256,256,256,256,256,256,0
0,256,256,256,256,256,256,256,256,256,256,256,256,256,256,256,256,256,256,256,256,256,256,256,256,256,256,256,256,256,256,256,256,256,256,256,256,256,256,256,256,256,256,256,256,256,256,256,256,256,256,256,256,256,256,256,256,256,256,256,256,256,256,256,256,256,256,256,256,256,256,256,256,256,256,256,256,256,256,256,256,256,256,256,256,256,256,256,256,256,256,256,256,256,256,256,256,256,256,256,256,256,256,256,256,256,256,256,256,256,256,256,256,256,256,256,256,256,256,256,256,256,256,256,256,256,256,0
0,256,256,256,256,256,256,256,256,256,256,256,256,256,256,256,256,256,256,256,256,256,256,256,256,256,256,256,256,256,256,256,256,256,256,256,256,256,256,256,256,256,256,256,256,256,256,256,256,256,256,256,256,256,256,256,256,256,256,256,256,256,256,256,256,256,256,256,256,256,256,256,256,256,256,256,256,256,256,256,256,256,256,256,256,256,256,256,256,256,256,256,256,256,256,256,256,256,256,256,256,256,256,256,256,256,256,256,256,256,256,256,256,256,256,256,256,256,256,256,256,256,256,256,256,256,256,0
0,256,256,256,256,256,256,256,256,256,256,256,256,256,256,256,256,256,256,256,256,256,256,256,256,256,256,256,256,256,256,256,256,256,256,256,256,256,256,256,256,256,256,256,256,256,256,256,256,256,256,256,256,256,256,256,256,256,256,256,256,256,256,256,256,256,256,256,256,256,256,256,256,256,256,256,256,256,256,256,256,256,256,256,256,256,256,256,256,256,256,256,256,256,256,256,256,256,256,256,256,256,256,256,256,256,256,256,256,256,256,256,256,256,256,256,256,256,256,256,256,256,256,256,256,256,256,0
0,256,256,256,256,256,256,256,256,256,256,256,256,256,256,256,256,256,256,256,256,256,256,256,256,256,256,256,256,256,256,256,256,256,256,256,256,256,256,256,256,256,256,256,256,256,256,256,256,256,256,256,256,256,256,256,256,256,256,256,256,256,256,256,256,256,256,256,256,256,256,256,256,256,256,256,256,256,256,256,256,256,256,256,256,256,256,256,256,256,256,256,256,256,256,256,256,256,256,256,256,256,256,256,256,256,256,256,256,256,256,256,256,256,256,256,256,256,256,256,256,256,256,256,256,256,256,0
0,256,256,256,256,256,256,256,256,256,256,256,256,256,256,256,256,256,256,256,256,256,256,256,256,256,256,256,256,256,256,256,256,256,256,256,256,256,256,256,256,256,256,256,256,256,256,256,256,256,256,256,256,256,256,256,256,256,256,256,256,256,256,256,256,256,256,256,256,256,256,256,256,256,256,256,256,256,256,256,256,256,256,256,256,256,256,256,256,256,256,256,256,256,256,256,256,256,256,256,256,256,256,256,256,256,256,256,256,256,256,256,256,256,256,256,256,256,256,256,256,256,256,256,256,256,256,0
0,256,256,256,256,256,256,256,256,256,256,256,256,256,256,256,256,256,256,256,256,256,256,256,256,256,256,256,256,256,256,256,256,256,256,256,256,256,256,256,256,256,256,256,256,256,256,256,256,256,256,256,256,256,256,256,256,256,256,256,256,256,256,256,256,256,256,256,256,256,256,256,256,256,256,256,256,256,256,256,256,256,256,256,256,256,256,256,256,256,256,256,256,256,256,256,256,256,256,256,256,256,256,256,256,256,256,256,256,256,256,256,256,256,256,256,256,256,256,256,256,256,256,256,256,256,256,0
0,256,256,256,256,256,256,256,256,256,256,256,256,256,256,256,256,256,256,256,256,256,256,256,256,256,256,256,256,256,256,256,256,256,256,256,256,256,256,256,256,256,256,256,256,256,256,256,256,256,256,256,256,256,256,256,256,256,256,256,256,256,256,256,256,256,256,256,256,256,256,256,256,256,256,256,256,256,256,256,256,256,256,256,256,256,256,256,256,256,256,256,256,256,256,256,256,256,256,256,256,256,256,256,256,256,256,256,256,256,256,256,256,256,256,256,256,256,256,256,256,256,256,256,256,256,256,0
0,256,256,256,256,256,256,256,256,256,256,256,256,256,256,256,256,256,256,256,256,256,256,256,256,256,256,256,256,256,256,256,256,256,256,256,256,256,256,256,256,256,256,256,256,256,256,256,256,256,256,256,256,256,256,256,256,256,256,256,256,256,256,256,256,256,256,256,256,256,256,256,256,256,256,256,256,256,256,256,256,256,256,256,256,256,256,256,256,256,256,256,256,256,256,256,256,256,256,256,256,256,256,256,256,256,256,256,256,256,256,256,256,256,256,256,256,256,256,256,256,256,256,256,256,256,256,0
0,256,256,256,256,256,256,256,256,256,256,256,256,256,256,256,256,256,256,256,256,256,256,256,256,256,256,256,256,256,256,256,256,256,256,256,256,256,256,256,256,256,256,256,256,256,256,256,256,256,256,256,256,256,256,256,256,256,256,256,256,256,256,256,256,256,256,256,256,256,256,256,256,256,256,256,256,256,256,256,256,256,256,256,256,256,256,256,256,256,256,256,256,256,256,256,256,256,256,256,256,256,256,256,256,256,256,256,256,256,256,256,256,256,256,256,256,256,256,256,256,256,256,256,256,256,256,0
0,256,256,256,256,256,256,256,256,256,256,256,256,256,256,256,256,256,256,256,256,256,256,256,256,256,256,256,256,256,256,256,256,256,256,256,256,256,256,256,256,256,256,256,256,256,256,256,256,256,256,256,256,256,256,256,256,256,256,256,256,256,256,256,256,256,256,256,256,256,256,256,256,256,256,256,256,256,256,256,256,256,256,256,256,256,256,256,256,256,256,256,256,256,256,256,256,256,256,256,256,256,256,256,256,256,256,256,256,256,256,256,256,256,256,256,256,256,256,256,256,256,256,256,256,256,256,0
0,256,256,256,256,256,256,256,256,256,256,256,256,256,256,256,256,256,256,256,256,256,256,256,256,256,256,256,256,256,256,256,256,256,256,256,256,256,256,256,256,256,256,256,256,256,256,256,256,256,256,256,256,256,256,256,256,256,256,256,256,256,256,256,256,256,256,256,256,256,256,256,256,256,256,256,256,256,256,256,256,256,256,256,256,256,256,256,256,256,256,256,256,256,256,256,256,256,256,256,256,256,256,256,256,256,256,256,256,256,256,256,256,256,256,256,256,256,256,256,256,256,256,256,256,256,256,0
0,256,256,256,256,256,256,256,256,256,256,256,256,256,256,256,256,256,256,256,256,256,256,256,256,256,256,256,256,256,256,256,256,256,256,256,256,256,256,256,256,256,256,256,256,256,256,256,256,256,256,256,256,256,256,256,256,256,256,256,256,256,256,256,256,256,256,256,256,256,256,256,256,256,256,256,256,256,256,256,256,256,256,256,256,256,256,256,256,256,256,256,256,256,256,256,256,256,256,256,256,256,256,256,256,256,256,256,256,256,256,256,256,256,256,256,256,256,256,256,256,256,256,256,256,256,256,0
0,256,256,256,256,256,256,256,256,256,256,256,256,256,256,256,256,256,256,256,256,256,256,256,256,256,256,256,256,256,256,256,256,256,256,256,256,358,330,256,256,256,256,256,256,256,256,256,256,256,256,256,256,256,256,256,256,256,256,256,256,256,256,256,256,256,256,256,256,256,256,256,256,256,256,256,256,256,358,362,256,322,256,256,256,256,256,256,256,256,256,256,256,256,256,256,256,256,256,256,256,256,256,256,256,256,256,256,256,256,256,256,256,256,256,256,256,256,256,256,256,256,256,256,256,256,256,0
0,256,256,256,256,256,256,256,256,256,256,256,256,256,256,256,256,256,256,256,256,256,294,366,366,366,362,256,256,256,256,256,256,256,256,256,374,351,457,256,256,256,256,256,256,256,256,256,256,256,256,256,256,256,256,256,256,256,256,256,256,256,256,256,256,256,294,362,256,256,256,256,256,256,256,256,358,382,383,495,510,363,256,256,256,256,256,256,256,256,256,256,256,256,256,256,354,256,256,256,256,256,256,256,256,256,256,256,256,256,256,256,256,256,256,256,256,256,256,256,256,256,256,256,256,256,256,0
0,256,256,256,256,256,256,256,256,256,256,256,256,256,256,256,256,256,256,256,256,256,311,511,511,511,495,494,366,366,366,366,366,366,366,382,383,475,256,256,256,256,256,256,256,256,256,256,256,256,256,256,256,256,256,256,256,256,256,256,256,256,256,256,256,256,309,431,490,256,256,256,256,294,366,382,383,511,511,511,511,495,494,366,366,362,256,256,256,256,256,256,256,256,256,374,367,494,362,256,256,256,256,256,256,358,362,256,256,256,256,256,256,256,256,256,256,256,256,256,256,256,256,256,256,256,256,0
0,256,256,256,256,256,256,256,256,256,256,256,256,256,256,256,256,256,256,256,256,256,311,511,511,511,511,511,511,511,511,511,511,511,511,511,511,491,256,256,256,256,256,256,256,256,256,256,256,256,256,256,256,256,256,256,256,256,256,256,256,256,256,256,256,256,256,437,431,490,256,256,256,375,511,511,511,511,511,511,511,511,511,511,511,495,494,366,366,366,366,366,366,366,382,383,511,511,495,494,366,366,366,366,382,383,463,456,256,256,256,256,256,256,256,256,256,256,256,256,256,256,256,256,256,256,256,0
0,256,256,256,256,256,256,256,256,256,256,256,256,256,256,256,256,256,256,256,256,256,311,479,477,413,413,413,413,413,413,445,447,511,511,511,511,495,490,256,256,256,256,256,256,256,256,256,256,256,256,256,256,256,256,256,256,256,256,256,256,256,256,256,256,256,256,256,439,495,494,366,382,383,511,511,511,511,511,511,511,511,511,511,511,511,479,477,413,413,413,445,447,511,511,511,511,511,511,511,511,511,511,511,511,511,475,256,256,256,256,256,256,256,256,256,256,256,256,256,256,256,256,256,256,256,256,0
0,256,256,256,256,256,256,256,256,256,256,256,256,256,256,256,256,256,256,256,256,256,375,475,256,256,256,256,256,256,256,256,437,447,511,511,511,511,495,490,256,256,256,256,256,256,256,256,256,256,256,256,256,256,256,256,256,256,256,256,256,256,256,256,256,256,256,256,311,511,511,511,511,511,511,511,511,511,511,511,511,511,511,511,511,479,473,256,256,256,256,256,439,511,511,511,511,511,479,477,413,413,445,447,479,477,393,256,256,256,256,256,256,256,256,256,256,256,256,256,256,256,256,256,256,256,256,0
0,256,256,256,256,256,256,256,256,256,256,256,256,256,256,256,256,256,256,256,256,310,383,459,256,256,256,256,256,256,256,256,256,437,447,511,511,511,511,495,494,334,328,256,256,256,256,256,256,256,256,256,256,256,256,256,256,256,256,256,256,256,256,256,256,256,256,256,311,511,511,511,511,511,511,511,511,511,511,511,511,511,511,511,479,473,256,256,256,256,256,256,311,511,511,511,511,479,473,256,256,256,256,439,475,256,256,256,256,256,256,256,256,256,256,256,256,256,256,256,256,256,256,256,256,256,256,0
0,256,256,256,256,256,256,256,256,256,256,256,256,256,256,256,256,256,256,256,256,311,511,491,256,256,256,256,256,256,256,256,256,256,437,447,511,511,511,479,477,409,256,256,256,256,256,256,256,256,256,256,256,256,256,256,256,256,256,256,256,256,256,256,256,256,256,256,311,511,511,511,511,511,511,511,511,511,511,511,511,511,511,479,473,256,256,256,256,256,256,256,311,511,511,511,479,473,256,256,256,256,256,375,459,256,256,256,256,256,256,256,256,256,256,256,256,256,256,256,256,256,256,256,256,256,256,0
0,256,256,256,256,256,256,256,256,256,256,256,256,256,256,256,256,256,256,256,256,311,511,495,494,366,366,366,366,330,256,256,256,256,256,437,447,511,511,475,256,256,256,256,256,256,256,256,256,256,256,256,256,256,256,256,256,256,256,256,256,256,256,256,256,256,256,256,311,511,511,511,511,511,511,511,511,511,511,511,511,511,479,473,256,256,294,366,330,256,256,256,311,511,511,479,473,256,256,256,256,256,374,383,459,256,256,256,256,256,256,256,256,256,256,256,256,256,256,256,256,256,256,256,256,256,256,0
0,256,256,256,256,256,256,256,256,256,256,256,256,256,256,256,256,256,256,256,256,277,413,445,447,511,511,511,511,491,256,256,256,256,256,256,437,447,511,459,256,256,256,256,256,256,256,256,256,256,256,256,256,256,256,256,256,256,358,366,362,256,256,256,256,256,256,256,311,511,511,511,511,511,511,511,511,511,511,511,511,479,473,256,256,256,311,511,459,256,256,256,311,511,511,475,256,256,256,256,294,382,383,511,459,256,256,256,256,256,256,256,256,256,256,256,256,256,256,256,256,256,256,256,256,256,256,0
0,256,256,256,256,256,256,256,256,256,256,256,256,256,256,256,256,256,256,256,256,256,256,256,437,447,511,511,511,495,494,362,256,256,256,256,256,439,511,459,256,256,256,256,256,256,256,256,256,294,366,366,366,366,366,366,366,382,383,511,495,490,256,256,256,256,256,256,311,511,511,511,511,511,511,511,511,511,511,479,477,409,256,256,256,256,375,511,459,256,256,256,311,511,511,459,256,256,256,256,375,511,511,511,459,256,256,256,256,256,256,256,256,256,256,256,256,256,256,256,256,256,256,256,256,256,256,0
0,256,256,256,256,256,256,256,256,256,256,256,256,256,256,256,256,256,256,256,256,256,256,256,256,439,511,511,511,511,511,495,458,256,256,256,256,311,511,459,256,256,256,256,256,256,256,256,256,311,511,511,511,511,511,511,511,511,511,511,511,495,490,256,256,256,256,256,375,511,511,511,511,511,511,511,511,511,479,473,256,256,256,256,256,310,383,479,457,256,256,256,311,511,511,459,256,256,256,310,383,511,511,511,459,256,256,256,256,256,256,256,256,256,256,256,256,256,256,256,256,256,256,256,256,256,256,0
0,256,256,256,256,256,256,256,256,256,256,256,256,256,256,256,256,256,256,256,256,256,256,256,256,311,511,511,511,511,511,479,457,256,256,256,256,311,511,459,256,256,256,256,256,256,256,256,256,311,511,511,511,511,511,479,477,413,413,445,447,511,495,490,256,256,256,374,383,511,511,479,477,413,413,413,413,413,409,256,256,256,256,256,256,311,479,473,256,256,256,256,311,511,511,459,256,256,256,311,511,511,511,511,459,256,256,256,256,256,256,256,256,256,256,256,256,256,256,256,256,256,256,256,256,256,256,0
0,256,256,256,256,256,256,256,256,256,256,256,256,256,256,256,256,256,256,256,256,256,256,256,256,311,511,511,511,511,511,475,256,256,256,256,256,311,511,491,256,256,256,256,256,256,256,256,256,375,511,511,479,477,413,409,256,256,256,256,437,447,511,495,494,366,382,383,511,511,479,473,256,256,256,256,256,256,256,256,256,256,256,256,256,311,475,256,256,256,256,256,309,447,511,459,256,256,256,311,511,511,511,511,459,256,256,256,256,256,256,256,256,256,256,256,256,256,256,256,256,256,256,256,256,256,256,0
0,256,256,256,256,256,256,256,256,256,256,256,256,256,256,256,256,256,256,256,256,256,256,256,256,309,447,511,511,511,511,459,256,256,256,256,256,311,511,495,490,256,256,256,256,256,256,256,374,383,511,479,473,256,256,256,256,256,256,256,256,437,447,511,511,511,511,511,511,479,473,256,256,256,256,256,256,256,256,256,256,256,256,256,256,311,459,256,256,256,256,256,256,439,511,459,256,256,256,309,447,511,511,511,459,256,256,256,256,256,256,256,256,256,256,256,256,256,256,256,256,256,256,256,256,256,256,0
0,256,256,256,256,256,256,256,256,256,256,256,256,256,256,256,256,256,256,256,256,256,256,256,256,256,437,447,511,511,511,459,256,256,256,256,256,311,511,511,495,494,366,366,366,366,366,350,349,413,413,409,256,256,256,256,256,256,256,256,256,256,437,447,511,511,511,511,511,475,256,256,256,256,256,256,256,256,256,256,256,256,256,256,256,311,459,256,256,256,256,256,256,311,511,459,256,256,256,256,437,447,511,511,491,256,256,256,256,256,256,256,256,256,256,256,256,256,256,256,256,256,256,256,256,256,256,0
0,256,256,256,256,256,256,256,256,256,256,256,256,256,256,256,256,256,256,256,256,256,256,256,256,256,256,439,511,511,479,457,256,256,256,256,256,375,511,511,511,511,511,511,511,511,479,473,256,256,256,256,256,256,256,294,366,366,330,256,256,256,256,437,447,511,511,511,511,459,256,256,256,256,256,256,256,256,256,256,256,256,256,256,256,311,459,256,256,256,256,256,256,375,511,491,256,256,256,256,256,437,447,511,495,490,256,256,256,256,256,256,256,256,256,256,256,256,256,256,256,256,256,256,256,256,256,0
0,256,256,256,256,256,256,256,256,256,256,256,256,256,256,256,256,256,256,256,256,256,256,256,256,256,256,311,511,511,475,256,256,256,294,366,382,383,511,511,511,511,511,511,511,479,473,256,256,256,256,256,256,256,256,375,511,511,459,256,256,256,256,256,405,445,447,511,511,491,256,256,256,256,256,290,256,256,256,256,256,256,256,256,256,343,457,256,256,256,256,256,310,383,511,495,490,256,256,256,256,256,439,511,511,495,494,330,256,256,256,256,256,256,256,256,256,256,256,256,256,256,256,256,256,256,256,0
0,256,256,256,256,256,256,256,256,256,256,256,256,256,256,256,256,256,256,256,256,256,256,256,256,256,256,311,511,511,459,256,256,256,311,511,511,511,511,511,511,511,511,511,511,475,256,256,256,256,256,256,256,358,382,383,511,511,491,256,256,256,256,256,256,256,405,445,447,495,458,256,256,256,256,295,490,256,256,256,256,256,256,256,374,379,256,256,256,256,256,256,311,511,511,511,495,490,256,256,256,256,311,511,511,511,511,459,256,256,256,256,256,256,256,256,256,256,256,256,256,256,256,256,256,256,256,0
0,256,256,256,256,256,256,256,256,256,256,256,256,256,256,256,256,256,256,256,256,256,256,256,256,256,256,311,511,511,459,256,256,256,309,447,511,511,511,511,511,511,511,511,511,459,256,256,256,256,294,366,350,349,413,445,447,511,495,490,256,256,256,256,256,256,256,256,437,447,459,256,256,256,256,311,495,494,366,366,366,366,366,382,383,495,458,256,256,256,256,256,343,477,413,413,445,431,458,256,256,256,311,511,511,511,479,457,256,256,256,256,256,256,256,256,256,256,256,256,256,256,256,256,256,256,256,0
0,256,256,256,256,256,256,256,256,256,256,256,256,256,256,256,256,256,256,256,256,256,256,256,256,256,256,375,511,511,459,256,256,256,256,437,447,511,511,511,511,511,511,511,511,459,256,256,256,256,311,511,475,256,256,256,437,447,511,495,490,256,256,256,256,256,256,256,256,405,393,256,256,256,256,311,511,511,511,479,477,413,413,445,447,511,491,256,256,256,256,342,345,256,256,256,256,439,459,256,256,256,311,511,479,477,409,256,256,256,256,256,256,256,256,256,256,256,256,256,256,256,256,256,256,256,256,0
0,256,256,256,256,256,256,256,256,256,256,256,256,256,256,256,256,256,256,256,256,256,256,256,256,292,318,383,511,511,491,256,256,256,256,256,437,447,511,511,511,511,511,511,511,459,256,256,256,256,311,511,459,256,256,256,256,439,511,511,495,494,366,366,366,330,256,256,256,256,256,256,256,256,256,311,511,511,479,473,256,256,256,256,437,447,495,494,366,366,350,345,256,256,256,256,256,311,459,256,256,256,311,479,473,256,256,256,256,256,256,256,256,256,256,256,256,256,256,256,256,256,256,256,256,256,256,0
0,256,256,256,256,256,256,256,256,256,256,256,256,256,256,256,256,256,256,256,256,256,256,256,256,256,405,413,445,447,495,490,256,256,256,256,256,439,511,511,511,511,511,511,511,459,256,256,256,256,311,511,459,256,256,256,256,309,447,511,511,511,511,511,511,491,256,256,256,256,256,256,256,256,256,311,511,479,473,256,256,256,256,256,256,437,447,511,511,511,475,256,256,256,256,256,256,311,459,256,256,256,311,507,256,256,256,256,256,256,256,256,256,256,256,256,256,256,256,256,256,256,256,256,256,256,256,0
0,256,256,256,256,256,256,256,256,256,256,256,256,256,256,256,256,256,256,256,256,256,256,256,256,256,256,256,256,437,447,495,490,256,256,256,256,311,511,511,511,511,511,511,511,459,256,256,256,256,309,447,491,256,256,256,256,256,405,413,445,447,511,511,511,495,490,256,256,256,256,256,256,256,256,311,511,475,256,256,256,256,256,256,256,256,405,413,413,413,393,256,256,256,256,256,256,375,459,256,256,256,311,495,458,256,256,256,256,256,256,256,256,256,256,256,256,256,256,256,256,256,256,256,256,256,256,0
0,256,256,256,256,256,256,256,256,256,256,256,256,256,256,256,256,256,256,256,256,256,256,256,256,256,256,256,256,256,439,511,495,458,256,256,256,309,447,511,511,511,511,511,511,491,256,256,256,256,256,439,495,490,256,256,256,256,256,256,256,405,445,447,511,511,495,490,256,256,256,256,256,256,256,375,511,459,256,256,256,256,256,256,256,256,256,256,256,256,256,256,256,256,256,256,310,383,459,256,256,256,311,511,459,256,256,256,256,256,256,256,256,256,256,256,256,256,256,256,256,256,256,256,256,256,256,0
0,256,256,256,256,256,256,256,256,256,256,256,256,256,256,256,256,256,256,256,256,256,256,256,256,256,256,256,256,256,311,511,511,459,256,256,256,256,439,511,511,511,511,511,511,495,490,256,256,256,256,309,447,495,490,256,256,256,256,256,256,256,256,437,447,511,511,495,494,366,366,366,366,366,382,383,511,459,256,256,256,256,256,256,256,256,256,256,256,256,256,256,256,256,256,256,343,477,393,256,256,256,343,477,393,256,256,256,256,256,256,256,256,256,256,256,256,256,256,256,256,256,256,256,256,256,256,0
0,256,256,256,256,256,256,256,256,256,256,256,256,256,256,256,256,256,256,256,256,256,256,256,256,256,256,256,256,256,311,511,511,459,256,256,256,256,309,447,511,511,511,511,511,511,463,456,256,256,256,256,439,511,495,490,256,256,256,256,256,256,256,256,405,445,447,511,511,511,511,511,511,511,511,511,479,457,256,256,256,256,354,256,256,256,256,256,256,256,256,256,256,256,358,350,345,256,256,256,256,342,345,256,256,256,256,256,256,256,256,256,256,256,256,256,256,256,256,256,256,256,256,256,256,256,256,0
0,256,256,256,256,256,256,256,256,256,256,256,256,256,256,256,256,256,256,256,256,256,256,256,256,256,256,256,256,256,311,511,511,459,256,256,256,256,256,437,447,511,511,511,511,511,475,256,256,256,256,256,311,511,511,495,494,366,366,362,256,256,256,256,256,256,405,445,447,511,511,511,511,511,511,479,473,256,256,256,256,374,367,494,366,366,366,366,366,366,366,366,366,382,351,473,256,256,256,256,374,347,256,256,256,256,256,256,256,256,256,256,256,256,256,256,256,256,256,256,256,256,256,256,256,256,256,0
0,256,256,256,256,256,256,256,256,256,256,256,256,256,256,256,256,256,256,256,256,256,256,256,256,256,256,256,256,256,375,511,511,491,256,256,256,256,256,256,437,447,511,511,511,511,459,256,256,256,256,256,309,447,511,511,511,511,511,495,490,256,256,256,256,256,256,256,437,447,511,511,511,511,479,473,256,256,256,294,382,351,477,413,413,413,413,413,413,445,447,511,511,479,473,256,256,256,256,374,383,459,256,256,256,256,256,256,256,256,256,256,256,256,256,256,256,256,256,256,256,256,256,256,256,256,256,0
0,256,256,256,256,256,256,256,256,256,256,256,256,256,256,256,256,256,256,256,256,256,256,256,256,256,256,256,256,374,383,511,511,495,490,256,256,256,256,256,256,405,445,447,511,479,457,256,256,256,256,256,256,437,447,511,511,511,511,511,495,490,256,256,256,256,256,256,256,405,445,447,511,511,475,256,256,256,256,311,479,473,256,256,256,256,256,256,256,256,439,511,479,473,256,256,256,294,382,383,511,459,256,256,256,256,256,256,256,256,256,256,256,256,256,256,256,256,256,256,256,256,256,256,256,256,256,0
0,256,256,256,256,256,256,256,256,256,256,256,256,256,256,256,256,256,256,256,256,256,256,256,256,256,256,256,310,383,511,511,511,511,495,494,362,256,256,256,256,256,256,405,413,409,256,256,256,256,256,256,256,256,405,413,413,445,447,511,511,495,494,366,366,362,256,256,256,256,256,437,447,511,459,256,256,256,256,343,473,256,256,256,256,256,256,256,256,256,311,511,475,256,256,256,256,311,511,511,511,491,256,256,256,256,256,256,256,256,256,256,256,256,256,256,256,256,256,256,256,256,256,256,256,256,256,0
0,256,256,256,256,256,256,256,256,256,256,256,256,256,256,256,256,256,256,256,256,256,256,256,256,256,256,256,309,447,511,511,511,511,511,511,495,490,256,256,256,256,256,256,256,256,256,256,256,256,256,256,256,256,256,256,256,256,437,447,511,511,511,511,511,495,490,256,256,256,256,256,439,511,459,256,256,256,310,347,256,256,256,256,256,256,256,256,256,256,311,511,459,256,256,256,256,309,447,511,511,495,490,256,256,256,256,256,256,256,256,256,256,256,256,256,256,256,256,256,256,256,256,256,256,256,256,0
0,256,256,256,256,256,256,256,256,256,256,256,256,256,256,256,256,256,256,256,256,256,256,256,256,256,256,256,256,437,447,511,511,511,511,511,511,495,490,256,256,256,256,256,256,256,256,256,256,256,256,256,256,256,256,256,256,256,256,437,447,511,511,511,511,511,495,458,256,256,256,256,311,479,457,256,256,256,311,459,256,256,256,256,256,256,256,256,256,256,311,511,459,256,256,256,256,256,405,445,447,511,495,494,366,330,256,256,256,256,256,256,256,256,256,256,256,256,256,256,256,256,256,256,256,256,256,0
0,256,256,256,256,256,256,256,256,256,256,256,256,256,256,256,256,256,256,256,256,256,256,256,256,256,256,256,256,256,437,447,511,511,511,511,511,511,495,494,366,366,366,330,256,256,256,256,256,256,256,256,256,256,256,256,256,256,256,256,405,445,447,511,511,511,479,457,256,256,256,256,343,473,256,256,256,256,375,459,256,256,256,256,294,362,256,256,256,256,311,511,459,256,256,256,256,256,256,256,405,445,447,511,511,459,256,256,256,256,256,256,256,256,256,256,256,256,256,256,256,256,256,256,256,256,256,0
0,256,256,256,256,256,256,256,256,256,256,256,256,256,256,256,256,256,256,256,256,256,256,256,256,256,256,256,256,256,256,437,447,511,511,511,511,511,511,511,511,511,511,459,256,256,256,256,256,256,256,256,256,256,256,256,256,256,256,256,256,256,439,511,511,479,473,256,256,256,256,342,345,256,256,256,256,374,383,459,256,256,256,256,375,495,458,256,256,256,311,511,459,256,256,256,256,256,256,256,256,256,439,511,511,459,256,256,256,256,256,256,256,256,256,256,256,256,256,256,256,256,256,256,256,256,256,0
0,256,256,256,256,256,256,256,256,256,256,256,256,256,256,256,256,256,256,256,256,256,256,256,256,256,256,256,256,256,256,256,437,447,511,511,511,511,511,511,511,511,511,491,256,256,256,256,256,256,256,256,256,256,256,256,256,256,256,256,256,256,311,511,479,473,256,256,256,256,342,345,256,256,256,256,374,383,511,491,256,358,366,382,383,479,457,256,256,256,311,511,491,256,256,256,256,256,256,256,256,256,311,511,511,459,256,256,256,256,256,256,256,256,256,256,256,256,256,256,256,256,256,256,256,256,256,0
0,256,256,256,256,256,256,256,256,256,256,256,256,256,256,256,256,256,256,256,256,256,256,256,256,256,256,256,256,256,256,256,256,437,447,511,511,511,511,511,511,511,511,495,490,256,256,256,256,256,256,256,256,256,256,256,256,256,256,256,256,256,311,479,473,256,256,256,256,342,345,256,256,256,256,374,383,511,511,495,510,383,511,479,477,409,256,256,256,256,311,511,495,490,256,256,256,256,256,256,256,256,311,511,511,459,256,256,256,256,256,256,256,256,256,256,256,256,256,256,256,256,256,256,256,256,256,0
0,256,256,256,256,256,256,256,256,256,256,256,256,256,256,256,256,256,256,256,256,256,256,256,256,256,256,256,256,256,256,256,256,256,437,447,511,511,511,511,511,511,511,511,495,494,366,366,366,366,366,362,256,256,256,256,256,256,256,256,256,256,279,473,256,256,256,256,342,345,256,256,256,256,374,383,511,511,511,511,511,511,511,475,256,256,256,256,256,256,277,445,447,495,494,366,366,366,330,256,256,256,311,511,511,459,256,256,256,256,256,256,256,256,256,256,256,256,256,256,256,256,256,256,256,256,256,0
0,256,256,256,256,256,256,256,256,256,256,256,256,256,256,256,256,256,256,256,256,256,256,256,256,256,256,256,256,256,256,256,256,256,256,439,511,511,511,511,511,511,511,511,511,511,511,511,511,511,511,495,458,256,256,256,256,256,256,256,256,256,339,256,256,256,294,382,347,256,256,256,256,310,383,511,511,511,511,511,511,511,511,459,256,256,256,256,256,256,256,256,405,445,447,511,511,511,459,256,256,256,311,511,511,459,256,256,256,256,256,256,256,256,256,256,256,256,256,256,256,256,256,256,256,256,256,0
0,256,256,256,256,256,256,256,256,256,256,256,256,256,256,256,256,256,256,256,256,256,256,256,256,256,256,256,256,256,256,256,256,256,256,311,511,511,511,511,511,511,511,511,511,511,511,511,511,511,511,511,459,256,256,256,256,256,256,256,358,382,331,256,256,256,311,511,459,256,256,256,256,311,511,511,511,511,511,511,511,511,511,459,256,256,256,256,256,256,256,256,256,256,439,511,511,479,457,256,256,256,311,511,511,459,256,256,256,256,256,256,256,256,256,256,256,256,256,256,256,256,256,256,256,256,256,0
0,256,256,256,256,256,256,256,256,256,256,256,256,256,256,256,256,256,256,256,256,256,256,256,256,256,256,256,256,256,256,256,256,256,256,375,511,511,511,511,479,477,413,413,413,413,413,413,413,413,445,447,459,256,256,256,256,256,256,374,383,511,459,256,256,256,309,447,459,256,256,256,256,311,511,511,511,511,511,511,511,511,511,491,256,256,256,256,256,256,256,256,256,256,311,511,479,473,256,256,256,256,311,511,511,491,256,256,256,256,256,256,256,256,256,256,256,256,256,256,256,256,256,256,256,256,256,0
0,256,256,256,256,256,256,256,256,256,256,256,256,256,256,256,256,256,256,256,256,256,256,256,256,256,256,256,256,256,256,256,256,256,374,383,511,511,511,479,473,256,256,256,256,256,256,256,256,256,256,439,491,256,256,256,256,256,310,383,511,511,459,256,256,256,256,439,459,256,256,256,256,311,511,511,511,511,511,511,511,511,511,495,490,256,256,256,256,256,256,256,256,256,311,479,473,256,256,256,256,256,375,511,511,495,458,256,256,256,256,256,256,256,256,256,256,256,256,256,256,256,256,256,256,256,256,0
0,256,256,256,256,256,256,256,256,256,256,256,256,256,256,256,256,256,256,256,256,256,256,256,256,256,256,256,256,256,256,256,256,374,383,511,511,511,511,475,256,256,256,256,256,256,256,256,256,256,256,311,495,490,256,256,256,256,375,511,511,511,459,256,256,256,256,311,459,256,256,256,256,311,511,511,511,511,511,511,511,511,511,511,495,494,366,330,256,256,256,256,256,256,311,475,256,256,256,256,256,276,317,447,511,479,457,256,256,256,256,256,256,256,256,256,256,256,256,256,256,256,256,256,256,256,256,0
0,256,256,256,256,256,256,256,256,256,256,256,256,256,256,256,256,256,256,256,256,256,256,256,256,256,256,256,256,256,256,294,382,383,479,477,413,413,413,393,256,256,256,256,256,256,256,256,256,256,256,309,447,495,494,366,366,382,383,511,511,511,459,256,256,256,256,375,459,256,256,256,256,309,447,511,511,511,511,511,511,511,511,511,511,511,511,459,256,256,256,256,256,256,311,459,256,256,256,256,256,256,256,437,447,475,256,256,256,256,256,256,256,256,256,256,256,256,256,256,256,256,256,256,256,256,256,0
0,256,256,256,256,256,256,256,256,256,256,256,256,256,256,256,256,256,256,256,256,256,256,256,256,256,256,256,256,256,256,375,511,479,473,256,256,256,256,256,256,256,358,366,366,366,366,366,330,256,256,256,405,413,413,413,413,413,413,413,413,413,393,256,256,256,310,383,459,256,256,256,256,256,437,447,511,511,511,511,511,511,511,511,511,511,511,459,256,256,256,256,256,256,311,491,256,256,256,256,256,256,256,256,503,459,256,256,256,256,256,256,256,256,256,256,256,256,256,256,256,256,256,256,256,256,256,0
0,256,256,256,256,256,256,256,256,256,256,256,256,256,256,256,256,256,256,256,256,256,256,256,256,256,256,256,256,256,374,383,479,473,256,256,256,256,256,256,256,374,383,511,511,511,511,511,459,256,256,256,256,256,256,256,256,256,256,256,256,256,256,256,256,256,375,511,459,256,256,256,256,256,256,437,447,511,511,511,511,511,479,477,413,413,413,393,256,256,256,256,256,256,375,495,490,256,256,256,256,256,256,310,383,459,256,256,256,256,256,256,256,256,256,256,256,256,256,256,256,256,256,256,256,256,256,0
0,256,256,256,256,256,256,256,256,256,256,256,256,256,256,256,256,256,256,256,256,256,256,256,256,256,256,256,256,374,383,479,473,256,256,256,256,256,256,256,374,383,511,511,511,511,511,511,491,256,256,256,256,256,256,256,256,256,256,256,256,256,256,256,256,310,383,511,491,256,256,256,256,256,256,256,439,511,511,511,511,511,507,256,256,256,256,256,256,256,256,256,256,310,383,511,495,494,330,256,256,256,256,375,511,459,256,256,256,256,256,256,256,256,256,256,256,256,256,256,256,256,256,256,256,256,256,0
0,256,256,256,256,256,256,256,256,256,256,256,256,256,256,256,256,256,256,256,256,256,256,256,256,256,256,256,374,351,477,409,256,256,256,256,256,358,366,382,383,511,511,511,511,511,511,511,495,494,362,256,256,256,256,256,256,256,256,256,256,256,256,256,256,375,511,511,495,490,256,256,256,256,256,256,311,511,511,511,511,511,495,458,256,256,256,256,256,256,256,256,256,311,511,511,511,479,457,256,256,256,310,383,511,459,256,256,256,256,256,256,256,256,256,256,256,256,256,256,256,256,256,256,256,256,256,0
0,256,256,256,256,256,256,256,256,256,256,256,256,256,256,256,256,256,256,256,256,256,256,256,294,366,366,382,383,475,256,256,256,256,256,256,310,383,511,479,477,413,413,445,447,511,511,511,511,511,495,494,366,366,366,366,366,330,256,256,256,256,256,256,374,383,511,511,511,495,490,256,256,256,256,256,311,511,511,511,511,511,511,491,256,256,256,256,256,256,256,256,256,375,511,511,479,473,256,256,256,256,311,511,511,459,256,256,256,256,256,256,256,256,256,256,256,256,256,256,256,256,256,256,256,256,256,0
0,256,256,256,256,256,256,256,256,256,256,256,256,256,256,256,256,256,256,256,256,256,256,256,311,511,511,511,511,459,256,256,256,256,256,256,311,511,479,473,256,256,256,256,437,447,511,511,511,511,511,511,511,511,511,511,511,459,256,256,256,256,256,310,383,511,511,511,511,511,463,456,256,256,256,256,375,511,511,511,511,511,511,495,490,256,256,256,256,256,256,256,374,383,511,479,473,256,256,256,256,256,375,511,511,491,256,256,256,256,256,256,256,256,256,256,256,256,256,256,256,256,256,256,256,256,256,0
0,256,256,256,256,256,256,256,256,256,256,256,256,256,256,256,256,256,256,256,256,256,256,256,311,511,511,511,511,459,256,256,256,256,256,256,375,479,473,256,256,256,256,256,256,439,511,511,511,511,511,511,511,511,511,511,511,459,256,256,256,256,256,277,413,413,413,445,447,479,473,256,256,256,256,374,383,511,511,511,511,511,511,511,495,490,256,256,256,256,256,374,383,511,479,473,256,256,256,256,358,350,381,447,511,495,458,256,256,256,256,256,256,256,256,256,256,256,256,256,256,256,256,256,256,256,256,0
0,256,256,256,256,256,256,256,256,256,256,256,256,256,256,256,256,256,256,256,256,256,256,256,311,511,511,511,479,457,256,256,256,256,256,374,383,475,256,256,256,256,256,256,256,309,447,511,511,511,511,511,511,511,511,511,511,491,256,256,256,256,256,256,256,256,256,256,439,475,256,256,256,256,310,383,511,511,511,511,511,511,511,511,511,495,494,366,366,366,382,383,511,479,473,256,256,256,256,310,383,507,256,503,511,479,457,256,256,256,256,256,256,256,256,256,256,256,256,256,256,256,256,256,256,256,256,0
0,256,256,256,256,256,256,256,256,256,256,256,256,256,256,256,256,256,256,256,256,256,256,256,309,447,511,511,507,256,256,256,256,256,310,383,511,459,256,256,256,256,256,256,256,256,405,413,413,413,445,447,511,511,511,511,511,495,490,256,256,256,256,256,256,256,256,256,311,459,256,256,256,256,311,511,511,511,511,511,511,511,511,511,511,511,511,479,477,413,413,413,413,409,256,256,256,256,256,309,447,495,510,383,479,473,256,256,256,256,256,256,256,256,256,256,256,256,256,256,256,256,256,256,256,256,256,0
0,256,256,256,256,256,256,256,256,256,256,256,256,256,256,256,256,256,256,256,256,256,256,256,256,405,413,413,397,392,256,256,256,256,311,511,511,459,256,256,256,256,256,256,256,256,256,256,256,256,256,437,447,511,511,511,511,511,495,494,362,256,256,256,256,256,256,256,311,459,256,256,256,256,309,447,511,511,511,511,511,511,511,511,511,511,479,473,256,256,256,256,256,256,256,256,256,256,256,256,439,511,511,511,507,512,256,256,256,256,256,256,256,256,256,256,256,256,256,256,256,256,256,256,256,256,256,0
0,256,256,256,256,256,256,256,256,256,256,256,256,256,256,256,256,256,256,256,256,256,256,256,256,256,256,256,256,256,256,256,256,256,375,511,511,459,256,256,256,256,256,256,256,256,256,256,256,256,256,256,439,511,511,511,511,511,511,511,495,494,366,362,256,256,256,256,311,459,256,256,256,256,256,405,413,413,445,447,511,511,511,511,511,479,473,256,256,256,256,256,256,256,256,256,256,256,256,256,311,511,511,511,495,714,256,256,256,256,256,256,256,256,256,256,256,256,256,256,256,256,256,256,256,256,256,0
0,256,256,256,256,256,256,256,256,256,256,256,256,256,256,256,256,256,256,256,256,256,256,256,256,256,256,256,256,256,256,256,256,310,383,511,511,459,256,256,256,256,256,256,256,256,256,256,256,256,256,256,309,447,511,511,511,511,479,477,445,447,511,495,490,256,256,256,311,491,256,256,256,256,256,256,256,256,256,437,447,511,511,511,479,473,256,256,256,256,256,256,256,256,256,256,256,256,256,256,311,511,511,511,511,459,256,256,256,256,256,256,256,256,256,256,256,256,256,256,256,256,256,256,256,256,256,0
0,256,256,256,256,256,256,256,256,256,256,256,256,256,256,256,256,256,256,256,256,256,256,256,256,256,256,256,256,256,256,256,256,375,511,511,511,459,256,256,256,256,256,256,256,256,256,256,256,256,256,256,256,437,447,511,511,511,475,256,256,439,511,511,495,458,256,256,311,495,490,256,256,256,256,256,256,256,256,256,437,447,511,511,475,256,256,256,256,358,366,366,366,366,366,330,256,256,256,256,311,511,511,511,479,457,256,256,256,256,256,256,256,256,256,256,256,256,256,256,256,256,256,256,256,256,256,0
0,256,256,256,256,256,256,256,256,256,256,256,256,256,256,256,256,256,256,256,256,256,256,256,256,256,256,256,256,256,256,256,310,383,511,511,511,459,256,256,256,256,256,256,256,256,256,256,256,256,256,256,256,256,439,511,511,511,459,256,256,311,511,511,511,459,256,256,311,511,495,458,256,256,256,256,256,256,256,256,256,405,413,413,393,256,256,256,374,383,511,511,511,511,511,459,256,256,256,256,375,511,479,477,409,256,256,256,256,256,256,256,256,256,256,256,256,256,256,256,256,256,256,256,256,256,256,0
0,256,256,256,256,256,256,256,256,256,256,256,256,256,256,256,256,256,256,256,256,256,256,256,256,256,256,256,256,256,256,256,311,511,511,511,511,459,256,256,256,256,256,256,256,256,256,256,256,256,256,256,256,256,311,511,511,511,459,256,256,311,511,511,479,457,256,256,311,511,511,491,256,256,256,256,256,256,256,258,256,256,256,256,256,256,256,374,383,511,511,511,511,511,511,459,256,256,256,310,383,511,475,256,256,256,256,256,256,256,256,256,256,256,256,256,256,256,256,256,256,256,256,256,256,256,256,0
0,256,256,256,256,256,256,256,256,256,256,256,256,256,256,256,256,256,256,256,256,256,256,256,256,256,256,256,256,256,256,256,311,511,511,511,511,491,256,256,256,256,256,256,256,256,256,256,256,256,256,256,256,256,375,511,479,477,393,256,256,311,511,511,475,256,256,256,311,511,511,495,490,256,256,256,256,256,256,257,256,256,256,256,256,256,310,383,511,511,511,479,477,413,413,393,256,256,256,311,479,477,393,256,256,256,256,256,256,256,256,256,256,256,256,256,256,256,256,256,256,256,256,256,256,256,256,0
0,256,256,256,256,256,256,256,256,256,256,256,256,256,256,256,256,256,256,256,256,256,256,256,256,256,256,256,256,256,256,256,309,447,511,511,511,495,490,256,256,256,256,256,256,256,256,256,256,256,256,256,294,382,383,479,473,256,256,256,256,375,511,511,459,256,256,256,311,511,511,511,495,490,256,256,256,256,256,256,256,256,256,256,256,256,375,511,511,511,479,473,256,256,256,256,256,256,256,375,475,256,256,256,256,256,256,256,256,256,256,256,256,256,256,256,256,256,256,256,256,256,256,256,256,256,256,0
0,256,256,256,256,256,256,256,256,256,256,256,256,256,256,256,256,256,256,256,256,256,256,256,256,256,256,256,256,256,256,256,256,405,413,413,445,447,495,490,256,256,256,256,256,256,256,256,256,256,256,256,311,511,479,473,256,256,256,256,374,383,479,477,393,256,256,256,375,511,511,511,511,495,494,366,366,366,362,256,256,256,256,256,256,374,383,511,511,479,473,256,256,256,256,256,256,256,374,351,457,256,256,256,256,256,256,256,256,256,256,256,256,256,256,256,256,256,256,256,256,256,256,256,256,256,256,0
0,256,256,256,256,256,256,256,256,256,256,256,256,256,256,256,256,256,256,256,256,256,256,256,256,256,256,256,256,256,256,256,256,256,256,256,256,439,511,495,494,330,256,256,256,256,256,256,256,256,256,256,311,511,475,256,256,256,256,310,383,479,473,256,256,256,256,374,383,511,511,511,511,511,511,511,511,511,495,494,366,366,366,366,382,383,511,511,511,475,256,256,256,256,256,294,366,382,383,475,256,256,256,256,256,256,256,256,256,256,256,256,256,256,256,256,256,256,256,256,256,256,256,256,256,256,256,0
0,256,256,256,256,256,256,256,256,256,256,256,256,256,256,256,256,256,256,256,256,256,256,256,256,256,256,256,256,256,256,256,256,256,256,256,256,311,511,511,479,457,256,256,256,256,256,256,256,256,256,256,311,511,459,256,256,256,256,375,511,475,256,256,256,294,382,383,479,477,413,413,413,445,447,511,511,511,511,511,511,511,511,511,511,511,511,511,511,491,256,256,256,256,256,309,447,511,511,459,256,256,256,256,256,256,256,256,256,256,256,256,256,256,256,256,256,256,256,256,256,256,256,256,256,256,256,0
0,256,256,256,256,256,256,256,256,256,256,256,256,256,256,256,256,256,256,256,256,256,256,256,256,256,256,256,256,256,256,256,256,256,256,256,256,311,479,477,409,256,256,256,256,256,256,256,256,256,256,256,309,447,459,256,256,256,310,383,511,459,256,256,256,311,511,511,475,256,256,256,256,256,437,447,511,511,511,511,511,511,511,511,511,511,511,511,511,495,490,256,256,256,256,256,439,511,511,459,256,256,256,256,256,256,256,256,256,256,256,256,256,256,256,256,256,256,256,256,256,256,256,256,256,256,256,0
0,256,256,256,256,256,256,256,256,256,256,256,256,256,256,256,256,256,256,256,256,256,256,256,256,256,256,256,256,256,256,256,256,256,256,256,256,311,475,256,256,256,256,256,256,256,256,256,256,256,256,256,256,405,393,256,256,256,311,511,511,459,256,256,256,309,447,511,459,256,256,256,256,256,256,439,511,511,511,511,479,477,413,413,413,413,445,447,511,511,495,490,256,256,256,256,311,511,511,459,256,256,256,256,256,256,256,256,256,256,256,256,256,256,256,256,256,256,256,256,256,256,256,256,256,256,256,0
0,256,256,256,256,256,256,256,256,256,256,256,256,256,256,256,256,256,256,256,256,256,256,256,256,256,256,256,256,256,256,256,256,256,256,256,256,375,459,256,256,256,256,256,256,256,256,256,256,256,256,256,256,256,256,256,256,256,375,511,511,459,256,256,256,256,405,413,393,256,256,256,256,256,256,309,447,511,511,511,475,256,256,256,256,256,256,439,511,511,511,495,458,256,256,256,311,511,511,459,256,256,256,256,256,256,256,256,256,256,256,256,256,256,256,256,256,256,256,256,256,256,256,256,256,256,256,0
0,256,256,256,256,256,256,256,256,256,256,256,256,256,256,256,256,256,256,256,256,256,256,256,256,256,256,256,256,256,256,256,256,256,256,358,382,351,457,256,256,256,256,256,256,256,256,256,256,256,256,256,256,256,256,256,256,374,383,511,511,459,256,256,256,256,256,256,256,256,256,258,256,256,256,256,439,511,511,511,459,256,256,256,256,256,256,311,511,511,511,511,459,256,256,256,311,511,511,459,256,256,256,256,256,256,256,256,256,256,256,256,256,256,256,256,256,256,256,256,256,256,256,256,256,256,256,0
0,256,256,256,256,256,256,256,256,256,256,256,256,256,256,256,256,256,256,256,256,256,256,256,256,256,256,256,256,256,256,256,256,354,374,383,511,475,256,256,256,256,256,256,256,256,256,256,256,354,256,256,256,256,256,256,374,383,511,511,511,491,256,256,256,256,256,256,256,256,256,323,256,256,256,256,309,447,511,511,491,256,256,256,256,256,256,311,511,511,511,479,457,256,256,256,311,511,479,457,256,256,256,256,256,256,256,256,256,256,256,256,256,256,256,256,256,256,256,256,256,256,256,256,256,256,256,0
0,256,256,256,256,256,256,256,256,256,256,256,256,256,256,256,256,256,256,256,256,256,256,256,256,256,256,256,256,256,256,358,382,351,509,447,511,459,256,256,256,256,256,256,256,256,256,256,310,367,494,366,366,366,366,382,383,511,511,511,511,495,490,256,256,256,256,256,256,358,382,331,256,256,256,256,256,437,447,511,495,494,366,330,256,256,256,309,447,511,479,473,256,256,256,256,375,479,473,256,256,256,256,256,256,256,256,256,256,256,256,256,256,256,256,256,256,256,256,256,256,256,256,256,256,256,256,0
0,256,256,256,256,256,256,256,256,256,256,256,256,256,256,256,256,256,256,256,256,256,256,256,256,256,256,256,256,256,374,383,511,507,512,503,511,459,256,256,256,256,256,256,256,256,256,256,375,511,511,511,511,511,511,511,511,511,511,511,511,511,495,494,366,366,366,366,382,383,511,491,256,256,256,256,256,256,437,447,511,511,511,459,256,256,256,256,437,447,475,256,256,256,256,374,351,473,256,256,256,256,256,256,256,256,256,256,256,256,256,256,256,256,256,256,256,256,256,256,256,256,256,256,256,256,256,0
0,256,256,256,256,256,256,256,256,256,256,256,256,256,256,256,256,256,256,256,256,256,256,256,256,256,256,256,256,374,383,511,511,495,766,383,511,491,256,256,256,256,256,256,256,256,294,382,383,511,511,511,479,477,413,445,447,479,509,447,511,511,511,511,511,511,511,511,511,511,511,495,490,256,256,256,256,256,256,439,511,511,511,459,256,256,256,256,256,405,393,256,256,256,374,383,475,256,256,256,256,256,256,256,256,256,256,256,256,256,256,256,256,256,256,256,256,256,256,256,256,256,256,256,256,256,256,0
0,256,256,256,256,256,256,256,256,256,256,256,256,256,256,256,256,256,256,256,256,256,256,256,358,366,366,366,382,383,511,511,511,511,511,511,511,495,490,256,256,256,256,256,256,256,311,511,511,511,511,479,473,256,256,256,439,507,512,503,511,511,511,511,511,511,511,511,511,511,511,511,495,490,256,256,256,256,256,311,511,511,511,491,256,256,256,256,256,256,256,256,256,374,383,511,459,256,256,256,256,256,256,256,256,256,256,256,256,256,256,256,256,256,256,256,256,256,256,256,256,256,256,256,256,256,256,0
0,256,256,256,256,256,256,256,256,256,256,256,256,256,256,256,256,256,256,256,256,256,256,310,383,511,511,511,511,511,511,511,511,511,511,511,511,511,495,458,256,256,256,256,256,256,309,447,511,479,477,409,256,256,256,256,375,495,766,383,511,479,477,413,413,413,413,413,413,413,413,413,445,431,494,330,256,256,256,311,511,511,511,495,490,256,256,256,256,256,256,256,374,383,511,511,459,256,256,256,256,256,256,256,256,256,256,256,256,256,256,256,256,256,256,256,256,256,256,256,256,256,256,256,256,256,256,0
0,256,256,256,256,256,256,256,256,256,256,256,256,256,256,256,256,256,256,256,256,256,256,311,479,509,447,511,479,477,445,447,511,511,511,511,511,511,479,457,256,256,256,256,256,256,256,405,413,409,256,256,256,256,256,310,383,511,511,511,479,473,256,256,256,256,256,256,256,256,256,256,256,439,511,459,256,256,256,311,511,511,511,511,495,490,256,256,256,256,256,374,383,511,511,511,459,256,256,256,256,256,256,256,256,256,256,256,256,256,256,256,256,256,256,256,256,256,256,256,256,256,256,256,256,256,256,0
0,256,256,256,256,256,256,256,256,256,256,256,256,256,256,256,256,256,256,256,256,256,256,311,475,256,437,447,475,512,512,439,479,477,445,447,511,511,475,256,256,256,256,256,256,256,256,256,256,256,256,256,256,256,256,309,447,511,511,511,507,256,256,256,256,256,256,256,256,256,256,256,256,375,511,459,256,256,256,309,447,511,511,511,511,495,494,366,366,366,382,383,511,511,511,511,459,256,256,256,256,256,256,256,256,256,256,256,256,256,256,256,256,256,256,256,256,256,256,256,256,256,256,256,256,256,256,0
0,256,256,256,256,256,256,256,256,256,256,256,256,256,256,256,256,256,256,256,256,256,256,375,491,256,256,439,491,512,512,343,473,256,256,503,511,511,459,256,256,256,256,256,256,256,256,256,256,256,256,256,256,256,256,256,439,511,511,479,461,392,256,256,256,256,256,256,256,256,256,256,310,383,511,459,256,256,256,256,439,479,509,447,511,511,511,511,511,511,511,511,511,511,511,511,459,256,256,256,256,256,256,256,256,256,256,256,256,256,256,256,256,256,256,256,256,256,256,256,256,256,256,256,256,256,256,0
0,256,256,256,256,256,256,256,256,256,256,256,256,256,256,256,256,256,256,256,294,366,382,383,495,490,256,375,495,750,638,379,256,358,382,383,511,511,491,256,256,256,256,256,256,256,256,256,256,256,256,256,256,256,256,256,311,511,511,475,256,256,256,256,256,256,256,256,256,256,256,256,311,511,511,491,256,256,256,256,375,507,256,503,511,511,511,511,479,477,445,415,509,447,511,511,459,256,256,256,256,256,256,256,256,256,256,256,256,256,256,256,256,256,256,256,256,256,256,256,256,256,256,256,256,256,256,0
0,256,256,256,256,256,256,256,256,256,256,256,256,256,256,256,256,256,256,256,311,511,511,511,511,495,510,383,511,511,511,495,510,383,511,511,511,511,495,494,366,366,330,256,256,256,256,256,256,256,256,256,256,256,256,256,311,511,511,459,256,256,256,256,256,256,256,256,256,256,256,256,375,511,511,495,494,366,366,382,383,495,510,383,511,511,511,511,507,512,512,467,256,439,511,479,457,256,256,256,256,256,256,256,256,256,256,256,256,256,256,256,256,256,256,256,256,256,256,256,256,256,256,256,256,256,256,0
0,256,256,256,256,256,256,256,256,256,256,256,256,256,256,256,256,256,256,256,311,511,511,511,511,511,511,511,511,511,511,511,511,511,511,511,511,479,477,413,413,413,393,256,256,256,256,256,256,256,256,256,256,256,256,256,309,447,511,459,256,256,256,256,256,256,256,256,256,256,294,382,383,511,511,511,511,511,511,511,511,511,511,511,511,511,511,511,495,750,638,363,256,375,511,475,256,256,256,256,256,256,256,256,256,256,256,256,256,256,256,256,256,256,256,256,256,256,256,256,256,256,256,256,256,256,256,0
0,256,256,256,256,256,256,256,256,256,256,256,256,256,256,256,256,256,256,256,309,447,511,511,511,511,511,511,511,511,511,511,511,511,511,511,479,473,256,256,256,256,256,256,256,256,256,256,256,256,256,256,256,256,256,256,256,437,447,459,256,256,256,256,256,256,256,256,256,256,311,511,511,511,511,511,511,479,477,413,413,413,413,413,445,447,511,511,511,511,511,495,510,383,479,457,256,256,256,256,256,256,256,256,256,256,256,256,256,256,256,256,256,256,256,256,256,256,256,256,256,256,256,256,256,256,256,0
0,256,256,256,256,256,256,256,256,256,256,256,256,256,256,256,256,256,256,256,256,405,413,413,413,445,447,511,511,511,511,511,511,511,511,479,473,256,256,256,256,256,256,256,256,256,256,256,256,256,256,256,256,256,256,256,256,256,439,459,256,256,256,256,256,256,256,256,256,256,309,447,511,511,511,479,477,409,256,256,256,256,256,256,256,437,447,511,511,511,511,511,511,511,475,256,256,256,256,256,256,256,256,256,256,256,256,256,256,256,256,256,256,256,256,256,256,256,256,256,256,256,256,256,256,256,256,0
0,256,256,256,256,256,256,256,256,256,256,256,256,256,256,256,256,256,256,256,256,256,256,256,256,256,437,447,511,511,479,477,413,413,413,409,256,256,256,256,256,256,256,256,256,256,256,256,256,256,256,256,256,256,256,256,256,256,277,393,256,256,256,256,256,256,256,256,256,256,256,437,447,479,477,409,256,256,256,256,256,256,256,256,256,256,437,447,511,511,511,511,511,479,457,256,256,256,256,256,256,256,256,256,256,256,256,256,256,256,256,256,256,256,256,256,256,256,256,256,256,256,256,256,256,256,256,0
0,256,256,256,256,256,256,256,256,256,256,256,256,256,256,256,256,256,256,256,256,256,256,256,256,256,256,437,447,511,475,256,256,256,256,256,256,256,256,256,256,256,256,256,256,256,256,256,256,256,256,256,256,256,256,256,256,256,256,256,256,256,256,256,256,256,256,256,256,256,256,256,437,411,256,256,256,256,256,256,256,256,256,256,256,256,256,437,447,511,511,479,477,409,256,256,256,256,256,256,256,256,256,256,256,256,256,256,256,256,256,256,256,256,256,256,256,256,256,256,256,256,256,256,256,256,256,0
0,256,256,256,256,256,256,256,256,256,256,256,256,256,256,256,256,256,256,256,256,256,256,256,256,256,256,256,405,413,393,256,256,256,256,256,256,256,256,256,256,256,256,256,256,256,256,256,256,256,256,256,256,256,256,256,256,256,256,256,256,256,256,256,256,256,256,256,256,256,256,256,256,385,256,256,256,256,256,256,256,256,256,256,256,256,256,256,437,447,511,475,256,256,256,256,256,256,256,256,256,256,256,256,256,256,256,256,256,256,256,256,256,256,256,256,256,256,256,256,256,256,256,256,256,256,256,0
0,256,256,256,256,256,256,256,256,256,256,256,256,256,256,256,256,256,256,256,256,256,256,256,256,256,256,256,256,256,256,256,256,256,256,256,256,256,256,256,256,256,256,256,256,256,256,256,256,256,256,256,256,256,256,256,256,256,256,256,256,256,256,256,256,256,256,256,256,256,256,256,256,256,256,256,256,256,256,256,256,256,256,256,256,256,256,256,256,405,413,393,256,256,256,256,256,256,256,256,256,256,256,256,256,256,256,256,256,256,256,256,256,256,256,256,256,256,256,256,256,256,256,256,256,256,256,0
0,256,256,256,256,256,256,256,256,256,256,256,256,256,256,256,256,256,256,256,256,256,256,256,256,256,256,256,256,256,256,256,256,256,256,256,256,256,256,256,256,256,256,256,256,256,256,256,256,256,256,256,256,256,256,256,256,256,256,256,256,256,256,256,256,256,256,256,256,256,256,256,256,256,256,256,256,256,256,256,256,256,256,256,256,256,256,256,256,256,256,256,256,256,256,256,256,256,256,256,256,256,256,256,256,256,256,256,256,256,256,256,256,256,256,256,256,256,256,256,256,256,256,256,256,256,256,0
0,256,256,256,256,256,256,256,256,256,256,256,256,256,256,256,256,256,256,256,256,256,256,256,256,256,256,256,256,256,256,256,256,256,256,256,256,256,256,256,256,256,256,256,256,256,256,256,256,256,256,256,256,256,256,256,256,256,256,256,256,256,256,256,256,256,256,256,256,256,256,256,256,256,256,256,256,256,256,256,256,256,256,256,256,256,256,256,256,256,256,256,256,256,256,256,256,256,256,256,256,256,256,256,256,256,256,256,256,256,256,256,256,256,256,256,256,256,256,256,256,256,256,256,256,256,256,0
0,256,256,256,256,256,256,256,256,256,256,256,256,256,256,256,256,256,256,256,256,256,256,256,256,256,256,256,256,256,256,256,256,256,256,256,256,256,256,256,256,256,256,256,256,256,256,256,256,256,256,256,256,256,256,256,256,256,256,256,256,256,256,256,256,256,256,256,256,256,256,256,256,256,256,256,256,256,256,256,256,256,256,256,256,256,256,256,256,256,256,256,256,256,256,256,256,256,256,256,256,256,256,256,256,256,256,256,256,256,256,256,256,256,256,256,256,256,256,256,256,256,256,256,256,256,256,0
0,256,256,256,256,256,256,256,256,256,256,256,256,256,256,256,256,256,256,256,256,256,256,256,256,256,256,256,256,256,256,256,256,256,256,256,256,256,256,256,256,256,256,256,256,256,256,256,256,256,256,256,256,256,256,256,256,256,256,256,256,256,256,256,256,256,256,256,256,256,256,256,256,256,256,256,256,256,256,256,256,256,256,256,256,256,256,256,256,256,256,256,256,256,256,256,256,256,256,256,256,256,256,256,256,256,256,256,256,256,256,256,256,256,256,256,256,256,256,256,256,256,256,256,256,256,256,0
0,256,256,256,256,256,256,256,256,256,256,256,256,256,256,256,256,256,256,256,256,256,256,256,256,256,256,256,256,256,256,256,256,256,256,256,256,256,256,256,256,256,256,256,256,256,256,256,256,256,256,256,256,256,256,256,256,256,256,256,256,256,256,256,256,256,256,256,256,256,256,256,256,256,256,256,256,256,256,256,256,256,256,256,256,256,256,256,256,256,256,256,256,256,256,256,256,256,256,256,256,256,256,256,256,256,256,256,256,256,256,256,256,256,256,256,256,256,256,256,256,256,256,256,256,256,256,0
0,256,256,256,256,256,256,256,256,256,256,256,256,256,256,256,256,256,256,256,256,256,256,256,256,256,256,256,256,256,256,256,256,256,256,256,256,256,256,256,256,256,256,256,256,256,256,256,256,256,256,256,256,256,256,256,256,256,256,256,256,256,256,256,256,256,256,256,256,256,256,256,256,256,256,256,256,256,256,256,256,256,256,256,256,256,256,256,256,256,256,256,256,256,256,256,256,256,256,256,256,256,256,256,256,256,256,256,256,256,256,256,256,256,256,256,256,256,256,256,256,256,256,256,256,256,256,0
0,256,256,256,256,256,256,256,256,256,256,256,256,256,256,256,256,256,256,256,256,256,256,256,256,256,256,256,256,256,256,256,256,256,256,256,256,256,256,256,256,256,256,256,256,256,256,256,256,256,256,256,256,256,256,256,256,256,256,256,256,256,256,256,256,256,256,256,256,256,256,256,256,256,256,256,256,256,256,256,256,256,256,256,256,256,256,256,256,256,256,256,256,256,256,256,256,256,256,256,256,256,256,256,256,256,256,256,256,256,256,256,256,256,256,256,256,256,256,256,256,256,256,256,256,256,256,0
0,256,256,256,256,256,256,256,256,256,256,256,256,256,256,256,256,256,256,256,256,256,256,256,256,256,256,256,256,256,256,256,256,256,256,256,256,256,256,256,256,256,256,256,256,256,256,256,256,256,256,256,256,256,256,256,256,256,256,256,256,256,256,256,256,256,256,256,256,256,256,256,256,256,256,256,256,256,256,256,256,256,256,256,256,256,256,256,256,256,256,256,256,256,256,256,256,256,256,256,256,256,256,256,256,256,256,256,256,256,256,256,256,256,256,256,256,256,256,256,256,256,256,256,256,256,256,0
0,256,256,256,256,256,256,256,256,256,256,256,256,256,256,256,256,256,256,256,256,256,256,256,256,256,256,256,256,256,256,256,256,256,256,256,256,256,256,256,256,256,256,256,256,256,256,256,256,256,256,256,256,256,256,256,256,256,256,256,256,256,256,256,256,256,256,256,256,256,256,256,256,256,256,256,256,256,256,256,256,256,256,256,256,256,256,256,256,256,256,256,256,256,256,256,256,256,256,256,256,256,256,256,256,256,256,256,256,256,256,256,256,256,256,256,256,256,256,256,256,256,256,256,256,256,256,0
0,256,256,256,256,256,256,256,256,256,256,256,256,256,256,256,256,256,256,256,256,256,256,256,256,256,256,256,256,256,256,256,256,256,256,256,256,256,256,256,256,256,256,256,256,256,256,256,256,256,256,256,256,256,256,256,256,256,256,256,256,256,256,256,256,256,256,256,256,256,256,256,256,256,256,256,256,256,256,256,256,256,256,256,256,256,256,256,256,256,256,256,256,256,256,256,256,256,256,256,256,256,256,256,256,256,256,256,256,256,256,256,256,256,256,256,256,256,256,256,256,256,256,256,256,256,256,0
0,256,256,256,256,256,256,256,256,256,256,256,256,256,256,256,256,256,256,256,256,256,256,256,256,256,256,256,256,256,256,256,256,256,256,256,256,256,256,256,256,256,256,256,256,256,256,256,256,256,256,256,256,256,256,256,256,256,256,256,256,256,256,256,256,256,256,256,256,256,256,256,256,256,256,256,256,256,256,256,256,256,256,256,256,256,256,256,256,256,256,256,256,256,256,256,256,256,256,256,256,256,256,256,256,256,256,256,256,256,256,256,256,256,256,256,256,256,256,256,256,256,256,256,256,256,256,0
0,256,256,256,256,256,256,256,256,256,256,256,256,256,256,256,256,256,256,256,256,256,256,256,256,256,256,256,256,256,256,256,256,256,256,256,256,256,256,256,256,256,256,256,256,256,256,256,256,256,256,256,256,256,256,256,256,256,256,256,256,256,256,256,256,256,256,256,256,256,256,256,256,256,256,256,256,256,256,256,256,256,256,256,256,256,256,256,256,256,256,256,256,256,256,256,256,256,256,256,256,256,256,256,256,256,256,256,256,256,256,256,256,256,256,256,256,256,256,256,256,256,256,256,256,256,256,0
0,256,256,256,256,256,256,256,256,256,256,256,256,256,256,256,256,256,256,256,256,256,256,256,256,256,256,256,256,256,256,256,256,256,256,256,256,256,256,256,256,256,256,256,256,256,256,256,256,256,256,256,256,256,256,256,256,256,256,256,256,256,256,256,256,256,256,256,256,256,256,256,256,256,256,256,256,256,256,256,256,256,256,256,256,256,256,256,256,256,256,256,256,256,256,256,256,256,256,256,256,256,256,256,256,256,256,256,256,256,256,256,256,256,256,256,256,256,256,256,256,256,256,256,256,256,256,0
0,256,256,256,256,256,256,256,256,256,256,256,256,256,256,256,256,256,256,256,256,256,256,256,256,256,256,256,256,256,256,256,256,256,256,256,256,256,256,256,256,256,256,256,256,256,256,256,256,256,256,256,256,256,256,256,256,256,256,256,256,256,256,256,256,256,256,256,256,256,256,256,256,256,256,256,256,256,256,256,256,256,256,256,256,256,256,256,256,256,256,256,256,256,256,256,256,256,256,256,256,256,256,256,256,256,256,256,256,256,256,256,256,256,256,256,256,256,256,256,256,256,256,256,256,256,256,0
0,256,256,256,256,256,256,256,256,256,256,256,256,256,256,256,256,256,256,256,256,256,256,256,256,256,256,256,256,256,256,256,256,256,256,256,256,256,256,256,256,256,256,256,256,256,256,256,256,256,256,256,256,256,256,256,256,256,256,256,256,256,256,256,256,256,256,256,256,256,256,256,256,256,256,256,256,256,256,256,256,256,256,256,256,256,256,256,256,256,256,256,256,256,256,256,256,256,256,256,256,256,256,256,256,256,256,256,256,256,256,256,256,256,256,256,256,256,256,256,256,256,256,256,256,256,256,0
0,256,256,256,256,256,256,256,256,256,256,256,256,256,256,256,256,256,256,256,256,256,256,256,256,256,256,256,256,256,256,256,256,256,256,256,256,256,256,256,256,256,256,256,256,256,256,256,256,256,256,256,256,256,256,256,256,256,256,256,256,256,256,256,256,256,256,256,256,256,256,256,256,256,256,256,256,256,256,256,256,256,256,256,256,256,256,256,256,256,256,256,256,256,256,256,256,256,256,256,256,256,256,256,256,256,256,256,256,256,256,256,256,256,256,256,256,256,256,256,256,256,256,256,256,256,256,0
0,256,256,256,256,256,256,256,256,256,256,256,256,256,256,256,256,256,256,256,256,256,256,256,256,256,256,256,256,256,256,256,256,256,256,256,256,256,256,256,256,256,256,256,256,256,256,256,256,256,256,256,256,256,256,256,256,256,256,256,256,256,256,256,256,256,256,256,256,256,256,256,256,256,256,256,256,256,256,256,256,256,256,256,256,256,256,256,256,256,256,256,256,256,256,256,256,256,256,256,256,256,256,256,256,256,256,256,256,256,256,256,256,256,256,256,256,256,256,256,256,256,256,256,256,256,256,0
0,0,0,0,0,0,0,0,0,0,0,0,0,0,0,0,0,0,0,0,0,0,0,0,0,0,0,0,0,0,0,0,0,0,0,0,0,0,0,0,0,0,0,0,0,0,0,0,0,0,0,0,0,0,0,0,0,0,0,0,0,0,0,0,0,0,0,0,0,0,0,0,0,0,0,0,0,0,0,0,0,0,0,0,0,0,0,0,0,0,0,0,0,0,0,0,0,0,0,0,0,0,0,0,0,0,0,0,0,0,0,0,0,0,0,0,0,0,0,0,0,0,0,0,0,0,0,0
