32704
32831
32832
32959
0,0,0,0,0,0,0,0,0,0,0,0,0,0,0,0,0,0,0,0,0,0,0,0,0,0,0,0,0,0,0,0,0,0,0,0,0,0,0,0,0,0,0,0,0,0,0,0,0,0,0,0,0,0,0,0,0,0,0,0,0,0,0,0,0,0,0,0,0,0,0,0,0,0,0,0,0,0,0,0,0,0,0,0,0,0,0,0,0,0,0,0,0,0,0,0,0,0,0,0,0,0,0,0,0,0,0,0,0,0,0,0,0,0,0,0,0,0,0,0,0,0,0,0,0,0,0,0
0,256,256,256,256,256,256,256,256,256,256,256,256,256,256,256,256,256,256,256,256,256,256,256,256,256,256,256,256,256,256,256,256,256,256,256,256,256,256,256,256,256,256,256,256,256,256,256,256,256,256,256,256,256,256,256,256,256,256,256,256,256,256,256,256,256,256,256,256,256,256,256,256,256,256,256,256,256,256,256,256,256,256,256,256,256,256,256,256,256,256,256,256,256,256,256,256,256,256,256,256,256,256,256,256,256,256,256,256,256,256,256,256,256,256,256,256,256,256,256,256,256,256,256,256,256,256,0
0,256,256,256,256,256,256,256,256,256,256,256,256,256,256,256,256,256,256,256,256,256,256,256,256,256,256,256,256,256,256,256,256,256,256,256,256,256,256,256,256,256,256,256,256,256,256,256,256,256,256,256,256,256,256,256,256,256,256,256,256,256,256,256,256,256,256,256,256,256,256,256,256,256,256,256,256,256,256,256,256,256,256,256,256,256,256,256,256,256,256,256,256,256,256,256,256,256,256,256,256,256,256,256,256,256,256,256,256,256,256,256,256,256,256,256,256,256,256,256,256,256,256,256,256,256,256,0
0,256,256,256,256,256,256,256,256,256,256,256,256,256,256,256,256,256,256,256,256,256,256,256,256,256,256,256,256,256,256,256,256,256,256,256,256,256,256,256,256,256,256,256,256,256,256,256,256,256,256,256,256,256,256,256,256,256,256,256,256,256,256,256,256,256,256,256,256,256,256,256,256,256,256,256,256,256,256,256,256,256,256,256,256,256,256,256,256,256,256,256,256,256,256,256,256,256,256,256,256,256,256,256,256,256,256,256,256,256,256,256,256,256,256,256,256,256,256,256,256,256,256,256,256,256,256,0
0,256,256,256,256,256,256,256,256,256,256,256,256,256,256,256,256,256,256,256,256,256,256,256,256,256,256,256,256,256,256,256,256,256,256,256,256,256,256,256,256,256,256,256,256,256,256,256,256,256,256,256,256,256,256,256,256,256,256,256,256,256,256,256,256,256,256,256,256,256,256,256,256,256,256,256,256,256,256,256,256,256,256,256,256,256,256,256,256,256,256,256,256,256,256,256,256,256,256,256,256,256,256,256,256,256,256,256,256,256,256,256,256,256,256,256,256,256,256,256,256,256,256,256,256,256,256,0
0,256,256,256,256,256,256,256,256,256,256,256,256,256,256,256,256,256,256,256,256,256,256,256,256,256,256,256,256,256,256,256,256,256,256,256,256,256,256,256,256,256,256,256,256,256,256,256,256,256,256,256,256,256,256,256,256,256,256,256,256,256,256,256,256,256,256,256,256,256,256,256,256,256,256,256,256,256,256,256,256,256,256,256,256,256,256,256,256,256,256,256,256,256,256,256,256,256,256,256,256,256,256,256,256,256,256,256,256,256,256,256,256,256,256,256,256,256,256,256,256,256,256,256,256,256,256,0
0,256,256,256,256,256,256,256,256,256,256,256,256,256,256,256,256,256,256,256,256,256,256,256,256,256,256,256,256,256,256,256,256,256,256,256,256,256,256,256,256,256,256,256,256,256,256,256,256,256,256,256,256,256,256,256,256,256,256,256,256,256,256,256,256,256,256,256,256,256,256,256,256,256,256,256,256,256,256,256,256,256,256,256,256,256,256,256,256,256,256,256,256,256,256,256,256,256,256,256,256,256,256,256,256,256,256,256,256,256,256,256,256,256,256,256,256,256,256,256,256,256,256,256,256,256,256,0
0,256,256,256,256,256,256,256,256,256,256,256,256,256,256,256,256,256,256,256,256,256,256,256,256,256,256,256,256,256,256,256,256,256,256,256,256,256,256,256,256,256,256,256,256,256,256,256,256,256,256,256,256,256,256,256,256,256,256,256,256,256,256,256,256,256,256,256,256,256,256,256,256,256,256,256,256,256,256,256,256,256,256,256,256,256,256,256,256,256,256,256,256,256,256,256,256,256,256,256,256,256,256,256,256,256,256,256,256,256,256,256,256,256,256,256,256,256,256,256,256,256,256,256,256,256,256,0
0,256,256,256,256,256,256,256,256,256,256,256,256,256,256,256,256,256,256,256,256,256,256,256,256,256,256,256,256,256,256,256,256,256,256,256,256,256,256,256,256,256,256,256,256,256,256,256,256,256,256,256,256,256,256,256,256,256,256,256,256,256,256,256,256,256,256,256,256,256,256,256,256,256,256,256,256,256,256,256,256,256,256,256,256,256,256,256,256,256,256,256,256,256,256,256,256,256,256,256,256,256,256,256,256,256,256,256,256,256,256,256,256,256,256,256,256,256,256,256,256,256,256,256,256,256,256,0
0,256,256,256,256,256,256,256,256,256,256,256,256,256,256,256,256,256,256,256,256,256,256,256,256,256,256,256,256,256,256,256,256,256,256,256,256,256,256,256,256,256,256,256,256,256,256,256,256,256,256,256,256,256,256,256,256,256,256,256,256,256,256,256,256,256,256,256,256,256,256,256,256,256,256,256,256,256,256,256,256,256,256,256,256,256,256,256,256,256,256,256,256,256,256,256,256,256,256,256,256,256,256,256,256,256,256,256,256,256,256,256,256,256,256,256,256,256,256,256,256,256,256,256,256,256,256,0
0,256,256,256,256,256,256,256,256,256,256,256,256,256,256,256,256,256,256,256,256,256,256,256,256,256,256,256,256,256,256,256,256,256,256,256,256,256,256,256,256,256,256,256,256,256,256,256,256,256,256,256,256,256,256,256,256,256,256,256,256,256,256,256,256,256,256,256,256,256,256,256,256,256,256,256,256,256,256,256,256,256,256,256,256,256,256,256,256,256,256,256,256,256,256,256,256,256,256,256,256,256,256,256,256,256,256,256,256,256,256,256,256,256,256,256,256,256,256,256,256,256,256,256,256,256,256,0
0,256,256,256,256,256,256,256,256,256,256,256,256,256,256,256,256,256,256,256,256,256,256,256,256,256,256,256,256,256,256,256,256,256,256,256,256,256,256,256,256,256,256,256,256,256,256,256,256,256,256,256,256,256,256,256,256,256,256,256,256,256,256,256,256,256,256,256,256,256,256,256,256,256,256,256,256,256,256,256,256,256,256,256,256,256,256,256,256,256,256,256,256,256,256,256,256,256,256,256,256,256,256,256,256,256,256,256,256,256,256,256,256,256,256,256,256,256,256,256,256,256,256,256,256,256,256,0
0,256,256,256,256,256,256,256,256,256,256,256,256,256,256,256,256,256,256,256,256,256,256,256,256,256,256,256,256,256,256,256,256,256,256,256,256,256,256,256,256,256,256,256,256,256,256,256,256,256,256,256,256,256,256,256,256,256,256,256,256,256,256,256,256,256,256,256,256,256,256,256,256,256,256,256,256,256,256,256,256,256,256,256,256,256,256,256,256,256,256,256,256,256,256,256,256,256,256,256,256,256,256,256,256,256,256,256,256,256,256,256,256,256,256,256,256,256,256,256,256,256,256,256,256,256,256,0
0,256,256,256,256,256,256,256,256,256,256,256,256,256,256,256,256,256,256,256,256,256,256,256,256,256,256,256,256,256,256,256,256,256,256,256,256,256,256,256,256,256,256,256,256,256,256,256,256,256,256,256,256,256,256,256,256,256,256,256,256,256,256,256,256,256,256,256,256,256,256,256,256,256,256,256,256,256,256,256,256,256,256,256,256,256,256,256,256,256,256,256,256,256,256,256,256,256,256,256,256,256,256,256,256,256,256,256,256,256,256,256,256,256,256,256,256,256,256,256,256,256,256,256,256,256,256,0
0,256,256,256,256,256,256,256,256,256,256,256,256,256,256,256,256,256,256,256,256,256,256,256,256,256,256,256,256,256,256,256,256,256,256,256,256,256,256,256,256,256,256,256,256,256,256,256,256,256,256,256,256,256,256,256,256,256,256,256,256,256,256,256,256,256,256,256,256,256,256,256,256,256,256,256,256,256,256,256,256,256,256,256,256,256,256,256,256,256,256,256,256,256,256,256,256,256,256,256,256,256,256,256,256,256,256,256,256,256,256,256,256,256,256,256,256,256,256,256,256,256,256,256,256,256,256,0
0,256,256,256,256,256,256,256,256,256,256,256,256,256,256,256,256,256,256,256,256,256,256,256,256,256,256,256,256,256,256,256,256,256,256,256,256,256,256,256,256,256,256,256,256,256,256,256,256,256,256,256,256,256,256,256,256,256,256,256,256,256,256,256,256,256,256,256,256,256,256,256,256,256,256,256,256,256,256,256,256,256,256,256,256,256,256,256,256,256,256,256,256,256,256,256,256,256,256,256,256,256,256,256,256,256,256,256,256,256,256,256,256,256,256,256,256,256,256,256,256,256,256,256,256,256,256,0
0,256,256,256,256,256,256,256,256,256,256,256,256,256,256,256,256,256,256,256,256,256,256,256,256,256,256,256,256,256,256,256,256,256,256,256,256,256,256,256,256,256,256,256,256,256,256,256,256,256,256,256,256,256,256,256,256,256,256,256,256,256,256,256,256,256,256,256,256,256,256,256,256,256,256,256,256,256,256,256,256,256,256,256,256,256,256,256,256,256,256,256,256,256,256,256,256,256,256,256,256,256,256,256,256,256,256,256,256,256,256,256,256,256,256,256,256,256,256,256,256,256,256,256,256,256,256,0
0,256,256,256,256,256,256,256,256,256,256,256,256,256,256,256,256,256,256,256,256,256,256,256,256,256,256,256,256,256,256,256,256,256,256,256,256,256,256,256,256,256,358,330,256,256,256,256,256,256,256,256,322,256,256,256,256,256,256,256,256,256,256,256,256,256,256,256,256,256,256,256,256,256,256,256,256,256,256,256,256,256,256,256,256,256,256,256,256,256,256,256,256,256,256,256,256,256,256,256,256,256,256,256,256,256,256,256,256,256,256,256,256,256,256,256,256,256,256,256,256,256,256,256,256,256,256,0
0,256,256,256,256,256,256,256,256,256,256,256,256,256,256,256,256,256,256,256,256,256,256,256,256,256,256,256,256,256,256,256,256,256,256,256,256,256,256,256,256,374,383,491,256,256,256,256,256,256,256,374,331,256,256,256,256,256,256,256,256,256,256,256,256,256,256,256,256,256,256,256,256,256,256,256,256,256,256,256,256,256,256,256,256,256,256,256,256,256,256,256,256,256,358,366,330,256,256,256,256,256,256,256,256,256,256,256,256,256,256,256,256,256,256,256,256,256,256,256,256,256,256,256,256,256,256,0
0,256,256,256,256,256,256,256,256,256,256,256,256,256,256,256,256,256,256,256,256,256,256,256,256,256,256,256,256,256,256,256,256,256,256,256,256,256,256,256,374,383,511,495,490,256,256,256,256,358,382,383,459,256,256,256,256,256,256,256,256,256,256,256,256,256,256,256,256,256,256,256,256,256,256,256,256,256,256,256,256,256,256,256,256,256,256,256,256,256,256,256,256,374,383,511,459,256,256,256,256,256,256,256,256,256,256,256,256,256,256,256,256,256,256,256,256,256,256,256,256,256,256,256,256,256,256,0
0,256,256,256,256,256,256,256,256,256,256,256,256,256,256,256,256,256,256,256,256,256,256,256,256,256,256,256,256,256,256,256,256,256,256,256,358,366,366,382,383,511,511,511,495,494,366,366,382,383,511,511,459,256,256,256,256,256,256,256,256,256,256,256,256,256,256,256,256,256,256,256,256,256,256,256,256,256,256,256,256,256,256,256,256,256,256,256,256,256,294,366,382,383,511,511,491,256,256,256,256,256,256,256,256,256,256,256,256,256,256,256,256,256,256,256,256,256,256,256,256,256,256,256,256,256,256,0
0,256,256,256,256,256,256,256,256,256,256,256,256,256,256,256,256,256,256,256,256,256,256,256,256,256,256,256,256,256,256,256,256,256,256,310,383,511,511,511,511,511,511,511,511,511,511,511,511,511,511,511,491,256,256,256,256,256,256,256,256,354,256,256,256,256,256,256,256,256,256,256,256,256,256,256,256,256,256,256,256,256,256,256,256,256,256,256,256,256,311,511,511,511,511,511,495,494,362,256,256,256,256,256,256,256,256,256,256,256,256,256,256,256,256,256,256,256,256,256,256,256,256,256,256,256,256,0
0,256,256,256,256,256,256,256,256,256,256,256,256,256,256,256,256,256,256,256,256,256,256,256,256,256,256,256,256,256,256,256,256,256,256,311,511,511,511,511,511,511,511,511,511,511,511,511,511,511,511,511,495,490,256,256,256,256,358,366,382,367,490,256,256,256,256,256,256,256,256,256,256,256,256,256,256,256,256,256,256,256,256,256,256,256,256,256,256,256,311,511,511,511,511,511,511,511,495,494,366,366,366,366,366,330,256,256,256,256,256,256,256,256,256,256,256,256,256,256,256,256,256,256,256,256,256,0
0,256,256,256,256,256,256,256,256,256,256,256,256,256,256,256,256,256,256,256,256,256,256,256,256,256,256,256,256,256,256,256,256,256,256,375,511,511,511,511,511,511,511,511,511,511,511,511,511,511,511,511,511,495,494,366,366,382,383,511,511,511,495,490,256,256,256,256,256,256,256,256,256,256,256,256,256,256,256,256,256,256,256,256,256,256,256,256,256,256,311,511,511,511,511,511,511,511,511,511,511,511,511,511,511,459,256,256,256,256,256,256,256,256,256,256,256,256,256,256,256,256,256,256,256,256,256,0
0,256,256,256,256,256,256,256,256,256,256,256,256,256,256,256,256,256,256,256,256,256,256,256,256,256,256,256,256,256,256,256,256,256,310,383,511,511,479,477,413,413,413,413,413,413,413,413,445,447,479,477,413,413,413,413,413,445,447,511,511,511,511,495,494,330,256,256,256,256,256,256,256,256,256,256,256,358,366,366,366,366,366,366,366,366,330,256,256,256,311,511,511,511,511,511,511,511,511,511,511,511,511,511,511,459,256,256,256,256,256,256,256,256,256,256,256,256,256,256,256,256,256,256,256,256,256,0
0,256,256,256,256,256,256,256,256,256,256,256,256,256,256,256,256,256,256,256,256,256,256,256,256,256,256,256,256,256,256,256,256,256,375,511,479,477,409,256,256,256,256,256,256,256,256,256,256,405,409,256,256,256,256,256,256,256,437,447,511,511,511,511,511,491,256,256,256,256,256,256,256,256,256,358,382,383,511,511,511,511,511,511,511,479,457,256,256,256,311,511,479,477,413,413,413,445,447,511,511,511,511,511,511,459,256,256,256,256,256,256,256,256,256,256,256,256,256,256,256,256,256,256,256,256,256,0
0,256,256,256,256,256,256,256,256,256,256,256,256,256,256,256,256,256,256,256,294,366,366,330,256,256,256,256,256,256,256,358,366,382,383,479,473,256,256,256,256,256,256,256,256,256,256,256,256,256,256,256,256,256,256,256,256,256,256,437,447,511,511,511,511,495,490,256,256,256,256,256,256,256,374,383,511,511,511,511,511,511,511,511,511,475,256,256,256,256,343,477,409,256,256,256,256,256,437,447,511,511,511,511,511,491,256,256,256,256,256,256,256,256,256,256,256,256,256,256,256,256,256,256,256,256,256,0
0,256,256,256,256,256,256,256,256,256,256,256,256,256,256,256,256,256,256,256,311,511,511,491,256,256,256,256,256,256,374,383,511,511,479,473,256,256,256,256,256,256,256,256,256,256,256,256,256,256,256,256,256,256,256,256,256,256,256,256,437,447,511,511,511,511,495,494,366,366,366,366,366,382,351,477,413,413,413,413,413,445,447,511,511,459,256,256,358,350,345,256,256,256,256,256,256,256,256,437,447,511,511,511,511,495,494,330,256,256,256,256,256,256,256,256,256,256,256,256,256,256,256,256,256,256,256,0
0,256,256,256,256,256,256,256,256,256,256,256,256,256,256,256,256,256,256,256,375,511,511,495,458,256,256,256,256,310,383,511,511,511,475,256,256,256,256,256,294,366,366,366,366,330,256,256,256,256,256,256,294,362,256,256,256,256,256,256,256,437,447,511,511,511,511,511,511,511,511,511,511,479,473,256,256,256,256,256,256,256,437,447,511,491,256,374,383,507,256,256,256,256,256,256,256,256,256,256,437,447,511,511,511,511,479,457,256,256,256,256,256,256,256,256,256,256,256,256,256,256,256,256,256,256,256,0
0,256,256,256,256,256,256,256,256,256,256,256,256,256,256,256,256,256,294,382,383,511,511,511,459,256,256,256,256,311,511,511,511,511,459,256,256,256,256,256,311,511,511,511,511,491,256,256,256,256,256,256,375,495,490,256,256,256,256,256,256,256,437,447,511,511,511,511,511,511,511,511,479,473,256,256,256,256,256,256,256,256,256,439,511,495,510,383,511,495,494,362,256,358,366,330,256,256,256,256,256,405,413,413,413,413,409,256,256,256,256,256,256,256,256,256,256,256,256,256,256,256,256,256,256,256,256,0
0,256,256,256,256,256,256,256,256,256,256,256,256,256,256,256,256,256,311,511,511,511,511,511,491,256,256,256,256,375,511,511,479,477,393,256,256,256,256,256,311,511,511,511,511,495,490,256,256,256,256,374,383,511,495,490,256,256,256,256,256,256,256,405,413,413,445,447,511,511,511,511,475,256,256,256,256,256,256,256,256,256,256,311,511,511,511,511,511,511,511,495,510,383,511,459,256,256,256,256,256,256,256,256,256,256,256,256,256,256,256,256,256,256,256,256,256,256,256,256,256,256,256,256,256,256,256,0
0,256,256,256,256,256,256,256,256,256,256,256,256,256,256,256,256,256,311,511,511,511,511,511,495,490,256,256,374,383,511,479,473,256,256,256,256,256,256,256,311,511,511,511,511,511,495,494,366,366,382,383,511,511,511,495,494,362,256,256,256,256,256,256,256,256,256,437,447,511,511,511,459,256,256,256,258,256,256,256,256,256,256,311,511,511,511,511,511,511,511,511,511,511,511,491,256,256,256,256,256,256,256,256,256,256,256,256,256,256,256,256,256,256,256,256,256,256,256,256,256,256,256,256,256,256,256,0
0,256,256,256,256,256,256,256,256,256,256,256,256,256,256,256,256,256,311,511,511,511,511,511,511,495,494,382,383,479,477,409,256,256,256,256,256,256,256,256,311,511,511,479,477,413,413,413,413,413,413,413,413,445,447,511,511,495,458,256,256,256,256,256,256,256,256,256,437,447,511,479,457,256,256,256,259,256,256,256,256,256,256,311,511,511,511,511,511,511,511,479,477,445,447,495,490,256,256,256,256,256,256,256,256,256,256,256,256,256,256,256,256,256,256,256,256,256,256,256,256,256,256,256,256,256,256,0
0,256,256,256,256,256,256,256,256,256,256,256,256,256,256,256,256,256,309,447,511,511,511,511,511,511,511,511,479,473,256,256,256,256,256,256,256,256,256,256,375,511,511,475,256,256,256,256,256,256,256,256,256,256,437,447,511,511,491,256,256,256,256,256,256,256,256,256,256,405,413,409,256,256,256,256,259,256,256,256,256,256,256,311,511,511,511,511,511,511,479,473,256,256,437,447,495,490,256,256,256,256,256,256,256,256,256,256,256,256,256,256,256,256,256,256,256,256,256,256,256,256,256,256,256,256,256,0
0,256,256,256,256,256,256,256,256,256,256,256,256,256,256,256,256,256,256,439,511,511,511,511,511,511,479,477,409,256,256,256,256,256,256,256,256,256,256,374,383,511,479,457,256,256,256,256,256,256,256,256,256,256,256,437,447,511,495,494,366,366,366,330,256,256,256,256,256,256,256,256,256,256,256,256,257,256,256,256,256,256,256,311,511,511,511,511,511,479,473,256,256,256,256,437,447,495,494,366,366,366,366,330,256,256,256,256,256,256,256,256,256,256,256,256,256,256,256,256,256,256,256,256,256,256,256,0
0,256,256,256,256,256,256,256,256,256,256,256,256,256,256,256,256,256,256,311,511,511,511,511,511,511,507,256,256,256,256,256,256,256,256,256,256,256,310,383,511,511,507,256,256,256,256,256,256,256,256,256,256,256,256,256,405,445,447,511,511,511,511,491,256,256,256,256,256,256,256,256,256,256,256,256,256,256,256,256,256,256,256,311,511,511,511,511,479,473,256,256,256,256,256,256,437,447,511,511,511,511,479,457,256,256,256,256,256,256,256,256,256,256,256,256,256,256,256,256,256,256,256,256,256,256,256,0
0,256,256,256,256,256,256,256,256,256,256,256,256,256,256,256,256,256,256,309,447,511,511,511,511,511,495,458,256,256,256,256,256,256,256,256,256,256,375,511,511,511,495,494,366,366,366,366,366,366,366,366,330,256,256,256,256,256,437,447,511,511,511,495,490,256,256,256,256,256,256,256,256,256,256,256,256,256,256,256,256,256,256,311,511,511,511,479,473,256,256,256,256,256,256,256,256,437,447,511,511,511,475,256,256,256,256,256,256,256,256,256,256,256,256,256,256,256,256,256,256,256,256,256,256,256,256,0
0,256,256,256,256,256,256,256,256,256,256,256,256,256,256,256,256,256,256,256,439,511,511,511,511,511,511,459,256,256,256,256,256,256,358,366,366,382,383,511,511,511,511,511,511,511,511,511,511,511,511,511,491,256,256,256,256,256,256,439,511,511,511,511,495,494,366,366,366,366,366,366,366,334,328,256,256,256,256,256,256,256,256,375,511,511,479,473,256,256,256,256,256,256,256,256,256,256,437,447,511,511,459,256,256,256,256,256,256,256,256,256,256,256,256,256,256,256,256,256,256,256,256,256,256,256,256,0
0,256,256,256,256,256,256,256,256,256,256,256,256,256,256,256,256,256,256,256,311,511,511,511,511,511,511,459,256,256,256,294,366,382,383,511,511,479,477,445,447,511,511,511,511,511,511,511,511,511,511,511,495,490,256,256,256,256,256,375,511,511,511,511,511,511,511,511,511,511,511,511,479,473,256,256,256,256,256,256,256,256,374,383,511,479,473,256,256,256,256,256,256,256,256,256,256,256,256,439,511,511,491,256,256,256,256,256,256,256,256,256,256,256,256,256,256,256,256,256,256,256,256,256,256,256,256,0
0,256,256,256,256,256,256,256,256,256,256,256,256,256,256,256,256,256,256,256,309,447,511,511,511,511,511,459,256,256,256,311,511,511,511,511,511,475,256,256,437,447,511,511,511,511,511,511,511,511,511,511,511,495,494,366,366,366,382,383,511,511,511,511,511,511,511,511,511,511,511,479,473,256,256,256,256,256,256,256,358,382,383,511,511,475,256,256,256,256,256,256,256,256,256,256,256,256,256,311,511,511,495,494,362,256,256,256,256,256,256,256,256,256,256,256,256,256,256,256,256,256,256,256,256,256,256,0
0,256,256,256,256,256,256,256,256,256,256,256,256,256,256,256,256,256,256,256,256,437,447,511,511,511,511,459,256,256,256,309,447,511,511,511,511,459,256,256,256,439,511,511,511,511,511,511,511,511,511,511,511,511,511,511,511,511,511,511,511,511,511,511,511,511,511,511,511,511,511,475,256,256,256,256,256,256,256,310,383,511,511,511,511,459,256,256,256,294,366,366,366,366,330,256,256,256,256,311,511,511,511,511,495,490,256,256,256,256,256,256,256,256,256,256,256,256,256,256,256,256,256,256,256,256,256,0
0,256,256,256,256,256,256,256,256,256,256,256,256,256,256,256,256,256,256,256,256,256,437,447,511,511,511,459,256,256,256,256,437,447,511,511,511,459,256,256,256,311,511,511,511,479,477,413,413,445,447,511,511,511,511,511,511,511,511,511,511,479,477,413,413,413,413,413,413,413,413,393,256,256,256,256,256,256,256,375,511,511,511,511,511,459,256,256,256,311,511,511,511,511,459,256,256,256,256,309,447,511,511,511,511,495,458,256,256,256,256,256,256,256,256,256,256,256,256,256,256,256,256,256,256,256,256,0
0,256,256,256,256,256,256,256,256,256,256,256,256,256,256,256,256,256,256,256,256,256,256,437,447,511,511,459,256,256,256,256,256,437,447,511,511,459,256,256,256,311,511,511,511,475,256,256,256,256,439,511,511,511,511,511,511,511,511,511,479,473,256,256,256,256,256,256,256,256,256,256,256,256,294,366,366,366,350,349,413,413,413,413,413,393,256,256,256,311,511,511,511,511,459,256,256,256,256,256,437,447,511,511,511,511,491,256,256,256,256,256,256,256,256,256,256,256,256,256,256,256,256,256,256,256,256,0
0,256,256,256,256,256,256,256,256,256,256,256,256,256,256,256,256,256,256,256,256,256,256,256,437,447,511,459,256,256,256,256,256,256,439,511,511,459,256,256,256,311,511,511,511,459,256,256,256,256,375,511,511,511,511,511,511,511,511,511,475,256,256,256,256,256,256,256,256,256,256,256,256,256,375,511,511,479,473,256,256,256,256,256,256,256,256,256,256,311,511,511,511,511,491,256,256,256,256,256,256,439,511,511,511,511,495,462,328,256,256,256,256,256,256,256,256,256,256,256,256,256,256,256,256,256,256,0
0,256,256,256,256,256,256,256,256,256,256,256,256,256,256,256,256,256,256,256,256,256,256,256,256,439,511,491,256,256,256,256,256,256,311,511,511,459,256,256,256,311,511,511,479,457,256,256,256,310,351,477,413,413,413,413,413,413,413,413,393,256,256,256,256,256,256,256,256,256,256,256,256,374,383,511,511,475,256,256,256,256,256,256,256,256,256,256,256,375,511,511,511,511,495,458,256,256,256,256,256,311,511,511,511,511,511,475,256,256,256,256,256,256,256,256,256,256,256,256,256,256,256,256,256,256,256,0
0,256,256,256,256,256,256,256,256,256,256,256,256,256,256,256,256,256,256,256,256,256,256,256,256,311,511,495,494,330,256,256,256,256,311,511,511,459,256,256,256,311,479,477,409,256,256,256,256,343,473,256,256,256,256,256,256,256,256,256,256,256,256,358,366,366,366,366,366,366,366,334,348,285,413,413,413,393,256,256,256,256,256,256,256,256,256,256,374,383,511,511,511,511,511,491,256,256,256,256,256,311,511,511,511,511,479,457,256,256,256,256,256,256,256,256,256,256,256,256,256,256,256,256,256,256,256,0
0,256,256,256,256,256,256,256,256,256,256,256,256,256,256,256,256,256,256,256,256,256,256,256,256,311,511,511,479,457,256,256,256,256,375,511,479,457,256,256,256,311,475,256,256,256,256,294,350,345,256,256,256,256,256,256,256,256,256,256,256,256,310,383,511,511,511,511,511,511,511,475,256,256,256,256,256,256,256,256,294,366,366,366,366,366,366,350,349,413,413,413,445,447,511,495,494,330,256,256,256,311,511,511,479,477,409,256,256,256,256,256,256,256,256,256,256,256,256,256,256,256,256,256,256,256,256,0
0,256,256,256,256,256,256,256,256,256,256,256,256,256,256,256,256,256,256,256,256,256,256,256,256,311,511,479,473,256,256,256,256,310,351,477,409,256,256,256,256,311,459,256,256,256,256,277,409,256,256,256,256,256,256,256,256,256,256,256,256,256,375,511,511,511,511,511,511,479,477,393,256,256,256,256,256,256,256,256,375,511,511,511,511,511,479,473,256,256,256,256,256,439,511,511,511,459,256,256,256,311,511,511,475,256,256,256,256,256,256,256,256,256,256,256,256,256,256,256,256,256,256,256,256,256,256,0
0,256,256,256,256,256,256,256,256,256,256,256,256,256,256,256,256,256,256,256,256,256,256,256,256,311,511,475,256,256,256,256,256,277,409,256,256,256,256,256,256,375,459,256,256,256,256,256,256,256,256,256,256,256,256,256,256,256,294,366,366,382,383,511,511,511,479,477,413,409,256,256,256,256,256,256,256,256,256,374,383,511,511,511,511,511,475,256,256,256,256,256,256,311,511,511,479,457,256,256,256,311,511,479,457,256,256,256,256,256,256,256,256,256,256,256,256,256,256,256,256,256,256,256,256,256,256,0
0,256,256,256,256,256,256,256,256,256,256,256,256,256,256,256,256,256,256,256,256,256,256,256,256,311,511,459,256,256,256,256,256,256,256,256,256,256,294,366,382,383,459,256,256,256,256,256,256,256,256,256,294,334,328,256,256,256,311,511,511,511,511,511,479,477,409,256,256,256,256,256,256,294,366,366,366,366,382,383,479,477,413,413,413,413,393,256,256,256,256,256,256,311,511,479,473,256,256,256,256,375,511,475,256,256,256,256,256,256,256,256,256,256,256,256,256,256,256,256,256,256,256,256,256,256,256,0
0,256,256,256,256,256,256,256,256,256,256,256,256,256,256,256,256,256,256,256,256,256,256,256,256,375,511,459,256,256,256,256,256,256,256,256,256,256,311,511,511,511,459,256,256,256,256,256,256,256,256,256,311,507,256,358,362,256,375,511,511,511,511,479,473,256,256,256,256,256,256,256,256,277,445,447,511,511,511,511,475,256,256,256,256,256,256,256,256,256,256,256,256,311,479,473,256,256,256,256,310,383,511,459,256,256,256,256,256,256,256,256,256,256,256,256,256,256,256,256,256,256,256,256,256,256,256,0
0,256,256,256,256,256,256,256,256,256,256,256,256,256,256,256,256,256,256,256,256,256,256,256,310,383,511,459,256,256,256,256,256,256,256,256,256,256,311,511,511,511,459,256,256,256,256,256,256,256,256,256,311,495,510,383,495,510,383,511,511,511,479,473,256,256,256,256,256,256,256,256,256,256,256,439,511,511,511,511,459,256,256,256,256,256,256,256,294,330,256,256,256,311,475,256,256,256,256,256,309,447,511,491,256,256,256,256,256,256,256,256,256,256,256,256,256,256,256,256,256,256,256,256,256,256,256,0
0,256,256,256,256,256,256,256,256,256,256,256,256,256,256,256,256,256,256,256,256,256,256,256,375,511,511,459,256,256,256,256,256,256,256,256,256,256,311,511,511,511,491,256,256,256,256,256,256,256,256,256,375,511,511,511,511,511,511,511,511,511,475,256,256,256,256,256,256,256,256,256,256,256,256,277,413,413,413,413,393,256,256,256,256,256,256,256,375,459,256,256,256,311,459,256,256,256,256,256,256,439,511,495,494,362,256,256,256,256,256,256,256,256,256,256,256,256,256,256,256,256,256,256,256,256,256,0
0,256,256,256,256,256,256,256,256,256,256,256,256,256,256,256,256,256,256,256,256,256,358,382,383,511,511,491,256,256,256,256,256,256,256,256,256,256,311,511,511,511,495,490,256,256,256,256,256,256,256,374,383,511,511,511,511,511,511,511,511,511,459,256,256,256,256,256,256,256,256,256,256,256,256,256,256,256,256,256,256,256,256,294,366,366,366,382,351,457,256,256,256,311,491,256,256,256,256,256,256,311,511,511,511,495,462,328,256,256,256,256,256,256,256,256,256,256,256,256,256,256,256,256,256,256,256,0
0,256,256,256,256,256,256,256,256,256,256,256,256,256,256,256,256,256,256,294,366,382,383,511,511,511,511,495,490,256,256,256,256,256,256,256,256,256,375,511,511,511,511,495,494,366,366,366,366,366,382,383,511,511,511,511,511,511,511,511,511,511,459,256,256,256,256,256,256,256,256,256,256,256,256,256,256,256,256,256,256,256,256,375,511,511,479,477,409,256,256,256,256,375,495,458,256,256,256,256,256,311,511,511,479,477,409,256,256,256,256,256,256,256,256,256,256,256,256,256,256,256,256,256,256,256,256,0
0,256,256,256,256,256,256,256,256,256,256,256,256,256,256,256,256,256,256,311,511,511,511,511,511,511,511,511,495,490,256,256,256,256,256,256,256,374,383,511,511,511,511,511,511,511,511,511,511,511,511,511,511,511,511,511,511,511,511,511,511,511,491,256,256,256,256,256,256,256,256,256,256,256,256,256,256,256,256,256,256,256,374,383,511,511,475,256,256,256,256,256,310,383,511,491,256,256,256,256,256,311,511,511,475,256,256,256,256,256,256,256,256,256,256,256,256,256,256,256,256,256,256,256,256,256,256,0
0,256,256,256,256,256,256,256,256,256,256,256,256,256,256,256,256,256,256,311,511,479,477,413,413,445,447,511,511,495,494,366,366,366,366,366,382,383,511,511,511,479,477,413,413,413,445,447,511,511,511,511,511,511,511,511,511,511,511,511,511,511,495,494,362,256,256,256,256,256,256,256,256,256,294,366,366,366,366,366,366,382,383,511,511,511,459,256,256,256,256,256,309,447,511,495,458,256,256,256,256,311,511,511,459,256,256,256,256,256,256,256,256,256,256,256,256,256,256,256,256,256,256,256,256,256,256,0
0,256,256,256,256,256,256,256,256,256,256,256,256,256,256,256,256,256,256,311,511,475,256,256,256,256,439,511,511,511,511,479,509,447,511,511,511,511,511,511,479,473,256,256,256,256,256,437,447,511,511,511,511,511,511,511,511,511,511,511,511,511,511,511,495,458,256,256,256,256,256,256,256,256,311,511,511,511,511,511,511,511,511,511,511,511,459,256,256,256,256,256,256,439,511,511,459,256,256,256,256,311,511,511,459,256,256,256,256,256,256,256,256,256,256,256,256,256,256,256,256,256,256,256,256,256,256,0
0,256,256,256,256,256,256,256,256,256,256,256,256,256,256,256,256,256,256,311,511,459,256,256,256,256,309,447,511,511,511,507,512,503,511,511,511,511,511,511,475,256,256,256,256,256,256,256,405,445,447,511,511,511,511,511,511,511,511,511,511,511,511,511,511,459,256,256,256,256,256,256,256,256,311,511,511,511,511,511,511,511,511,511,511,511,491,256,256,256,256,256,256,311,511,511,491,256,256,256,256,311,511,511,491,256,256,256,256,256,256,256,256,256,256,256,256,256,256,256,256,256,256,256,256,256,256,0
0,256,256,256,256,256,256,256,256,256,256,256,256,256,256,256,256,256,256,375,511,459,256,256,256,256,256,437,447,511,511,495,766,383,511,479,477,413,413,413,393,256,256,256,256,256,256,256,256,256,439,511,511,511,511,511,511,511,511,511,511,511,511,511,479,457,256,256,256,256,256,256,256,256,311,511,511,511,511,511,511,511,511,511,511,511,495,490,256,256,256,256,256,311,511,511,495,458,256,256,256,311,511,511,495,490,256,256,256,256,256,256,256,256,256,256,256,256,256,256,256,256,256,256,256,256,256,0
0,256,256,256,256,256,256,256,256,256,256,256,256,256,256,256,256,256,310,383,511,459,256,256,256,256,256,256,439,511,511,511,511,511,479,473,256,256,256,256,256,256,256,256,256,256,256,256,256,256,311,511,511,511,511,511,511,511,511,511,511,511,511,479,473,256,256,256,256,256,256,256,256,256,311,511,511,511,479,477,445,447,511,511,511,511,511,495,494,330,256,256,256,311,511,511,511,459,256,256,256,311,511,511,511,495,494,330,256,256,256,256,256,256,256,256,256,256,256,256,256,256,256,256,256,256,256,0
0,256,256,256,256,256,256,256,256,256,256,256,256,256,256,256,256,256,309,447,511,491,256,256,256,256,256,256,311,511,511,511,511,479,473,256,256,256,256,256,256,256,290,256,256,256,256,256,256,256,311,511,511,511,511,511,511,511,511,511,511,511,511,475,512,256,256,256,256,256,256,256,256,256,375,479,477,413,409,256,256,437,447,511,511,511,511,511,511,459,256,256,256,311,511,511,511,459,256,256,256,311,511,511,511,511,511,459,256,256,256,256,256,256,256,256,256,256,256,256,256,256,256,256,256,256,256,0
0,256,256,256,256,256,256,256,256,256,256,256,256,256,256,256,256,256,256,439,511,495,490,256,256,256,256,256,311,511,511,511,479,473,256,256,256,256,256,256,256,256,359,458,256,256,256,256,256,256,311,511,511,511,511,511,511,511,511,511,511,511,511,459,512,256,256,256,256,256,256,256,256,310,351,473,256,256,256,256,256,256,405,413,413,413,413,413,413,393,256,256,256,311,511,511,511,491,256,256,256,311,511,511,511,511,479,457,256,256,256,256,256,256,256,256,256,256,256,256,256,256,256,256,256,256,256,0
0,256,256,256,256,256,256,256,256,256,256,256,256,256,256,256,256,256,256,311,511,511,495,494,330,256,256,256,311,511,511,479,473,256,256,256,256,256,256,256,358,382,383,459,256,256,256,256,256,256,311,511,511,511,511,511,511,511,511,511,511,511,511,459,512,256,256,256,256,256,256,256,256,343,473,256,256,256,256,256,256,256,256,256,256,256,256,256,256,256,256,256,256,311,511,511,511,495,490,256,256,375,511,511,511,479,473,256,256,256,256,256,256,256,256,256,256,256,256,256,256,256,256,256,256,256,256,0
0,256,256,256,256,256,256,256,256,256,256,256,256,256,256,256,256,256,256,311,511,511,511,511,459,256,256,256,311,511,479,473,256,256,256,256,256,256,256,374,383,511,511,459,256,256,256,256,256,256,277,413,445,447,511,511,511,511,511,511,511,511,511,491,512,256,256,256,256,256,256,294,382,347,256,256,256,256,256,256,256,256,256,256,256,256,256,256,256,256,256,256,256,375,511,511,511,511,495,494,382,383,511,511,511,475,256,256,256,256,256,256,256,256,256,256,256,256,256,256,256,256,256,256,256,256,256,0
0,256,256,256,256,256,256,256,256,256,256,256,256,256,256,256,256,256,256,311,511,511,511,511,459,256,256,256,311,511,475,256,256,256,256,256,256,256,374,383,511,511,511,459,256,256,256,256,256,256,256,256,256,439,511,511,511,511,511,511,511,511,511,495,714,256,256,256,256,256,256,375,511,459,256,256,256,256,256,256,256,256,256,256,256,256,256,256,256,256,256,256,374,383,511,511,511,511,511,511,511,511,511,511,511,459,256,256,256,256,256,256,256,256,256,256,256,256,256,256,256,256,256,256,256,256,256,0
0,256,256,256,256,256,256,256,256,256,256,256,256,256,256,256,256,256,256,311,511,511,511,511,459,256,256,256,311,511,459,256,256,256,256,256,256,374,383,511,511,511,511,491,256,256,256,256,256,256,256,256,256,309,447,511,511,511,511,511,511,511,511,511,459,256,256,256,256,256,374,383,511,459,256,256,256,258,256,256,256,256,256,256,358,366,366,366,366,366,366,382,383,511,479,477,413,413,413,445,447,511,511,511,511,459,256,256,256,256,256,256,256,256,256,256,256,256,256,256,256,256,256,256,256,256,256,0
0,256,256,256,256,256,256,256,256,256,256,256,256,256,256,256,256,256,256,311,511,511,511,511,459,256,256,256,311,511,459,256,256,256,256,256,310,383,479,509,447,511,511,495,490,256,256,256,256,256,256,256,256,256,437,447,511,511,511,511,511,511,511,511,491,512,512,358,366,350,349,413,413,393,256,256,256,291,256,256,256,256,256,310,383,511,511,511,511,511,511,511,511,511,475,256,256,256,256,256,437,447,511,479,477,393,256,256,256,256,256,256,256,256,256,256,256,256,256,256,256,256,256,256,256,256,256,0
0,256,256,256,256,256,256,256,256,256,256,256,256,256,256,256,256,256,256,375,511,511,511,511,459,256,256,256,311,511,459,256,256,256,256,256,311,511,507,256,503,511,511,511,495,494,366,366,366,334,328,256,256,256,256,405,413,413,413,445,447,511,511,511,495,750,638,383,479,473,256,256,256,256,256,256,256,359,490,256,256,256,256,375,511,511,511,511,511,511,511,511,511,479,457,256,256,256,256,256,256,437,447,475,256,256,256,256,256,256,256,256,256,256,256,256,256,256,256,256,256,256,256,256,256,256,256,0
0,256,256,256,256,256,256,256,256,256,256,256,256,256,256,256,256,256,310,383,511,511,511,511,459,256,256,256,311,511,459,256,256,256,256,256,309,447,495,510,383,511,511,511,511,511,511,511,511,475,256,256,256,256,256,256,256,256,256,256,439,511,511,511,511,511,511,511,475,256,256,256,256,256,256,256,310,383,495,494,366,334,348,285,413,445,447,511,511,511,511,511,511,475,256,256,256,256,256,256,256,256,405,393,256,256,256,256,256,256,256,256,256,256,256,256,256,256,256,256,256,256,256,256,256,256,256,0
0,256,256,256,256,256,256,256,256,256,256,256,256,256,256,256,256,256,309,447,511,511,511,511,459,256,256,256,311,511,491,256,256,256,256,256,256,437,447,511,511,511,511,511,511,511,479,509,447,459,256,256,256,256,256,256,256,256,256,256,311,511,511,511,511,511,511,511,459,256,256,256,256,256,256,256,375,511,511,511,479,473,256,256,256,256,437,447,511,511,511,511,479,457,256,256,256,256,256,256,256,256,256,256,256,256,256,256,256,256,256,256,256,256,256,256,256,256,256,256,256,256,256,256,256,256,256,0
0,256,256,256,256,256,256,256,256,256,256,256,256,256,256,256,256,256,256,439,511,511,511,479,457,256,256,256,311,511,495,490,256,256,256,256,256,256,437,447,511,511,511,511,511,511,507,256,503,491,256,256,256,256,256,256,256,256,256,256,311,479,477,413,413,413,413,413,393,256,256,256,294,366,366,382,383,511,511,479,473,256,256,256,256,256,256,437,447,511,511,511,475,256,256,256,256,256,256,256,256,256,256,256,256,256,256,256,256,256,256,256,256,256,256,256,256,256,256,256,256,256,256,256,256,256,256,0
0,256,256,256,256,256,256,256,256,256,256,256,256,256,256,256,256,256,256,311,511,479,477,409,256,256,256,256,375,511,511,495,490,256,256,256,256,256,256,439,511,511,511,511,511,511,495,510,383,495,494,366,366,366,330,256,256,256,256,256,279,473,256,256,256,256,256,256,256,256,256,256,311,511,511,511,511,479,477,409,256,256,256,256,256,256,256,256,437,447,511,511,459,256,256,256,256,256,256,256,256,256,256,256,256,256,256,256,256,256,256,256,256,256,256,256,256,256,256,256,256,256,256,256,256,256,256,0
0,256,256,256,256,256,256,256,256,256,256,256,256,256,256,256,256,256,256,311,511,475,256,256,256,256,294,382,383,511,511,511,495,494,362,256,256,256,256,311,511,511,511,511,511,511,511,511,511,511,511,511,511,479,457,256,256,256,256,256,273,256,256,256,256,256,256,256,256,256,256,256,311,511,511,511,511,475,256,256,256,256,256,256,256,256,256,256,256,439,511,511,459,256,256,256,256,256,256,256,256,256,256,256,256,256,256,256,256,256,256,256,256,256,256,256,256,256,256,256,256,256,256,256,256,256,256,0
0,256,256,256,256,256,256,256,256,256,256,256,256,256,256,256,256,256,256,311,511,459,256,256,256,256,311,511,511,511,511,511,511,511,495,458,256,256,256,311,511,511,511,511,511,511,511,511,511,511,511,511,511,475,256,256,256,256,256,256,256,256,256,256,256,256,256,256,256,256,256,256,311,511,511,479,477,393,256,256,256,256,290,256,256,256,256,256,256,309,447,511,491,256,256,256,256,256,256,256,256,256,256,256,256,256,256,256,256,256,256,256,256,256,256,256,256,256,256,256,256,256,256,256,256,256,256,0
0,256,256,256,256,256,256,256,256,256,256,256,256,256,256,256,256,256,256,311,511,459,256,256,256,256,277,445,447,511,511,511,511,511,511,459,256,256,256,311,511,511,511,511,479,477,413,413,413,413,413,445,447,491,256,256,256,256,256,256,256,256,256,294,366,330,256,256,256,256,256,256,343,477,413,409,256,256,256,256,256,256,359,490,256,256,256,256,256,256,439,511,495,490,256,256,256,256,256,256,256,256,256,256,256,256,256,256,256,256,256,256,256,256,256,256,256,256,256,256,256,256,256,256,256,256,256,0
0,256,256,256,256,256,256,256,256,256,256,256,256,256,256,256,256,256,256,311,511,491,256,256,256,256,256,256,503,511,511,511,511,511,511,459,256,256,256,311,511,511,511,479,473,256,256,256,256,256,256,256,439,495,490,256,256,256,256,256,256,256,256,375,511,491,256,256,256,256,256,278,345,256,256,256,256,256,256,256,294,382,383,495,458,256,256,256,256,256,311,511,511,463,456,256,256,256,256,256,256,256,256,256,256,256,256,256,256,256,256,256,256,256,256,256,256,256,256,256,256,256,256,256,256,256,256,0
0,256,256,256,256,256,256,256,256,256,256,256,256,256,256,256,256,256,256,311,511,495,490,256,256,256,256,310,383,511,511,511,511,511,511,459,256,256,256,311,511,511,479,473,256,256,256,256,256,256,256,256,309,447,495,490,256,256,256,256,256,256,374,383,511,495,490,256,256,256,256,339,256,256,256,256,256,256,256,256,375,511,511,511,459,256,256,256,256,256,311,511,511,475,256,256,256,256,256,256,256,256,256,256,256,256,256,256,256,256,256,256,256,256,256,256,256,256,256,256,256,256,256,256,256,256,256,0
0,256,256,256,256,256,256,256,256,256,256,256,256,256,256,256,256,256,256,311,511,511,495,494,366,362,256,375,511,479,509,447,511,511,511,459,256,256,256,311,511,511,475,256,256,256,256,256,256,256,256,256,256,439,511,495,494,366,366,366,366,382,383,511,511,511,495,494,366,334,348,265,256,256,256,256,256,256,256,374,383,511,511,511,459,256,256,256,256,256,311,511,479,457,256,256,256,256,256,256,256,256,256,256,256,256,256,256,256,256,256,256,256,256,256,256,256,256,256,256,256,256,256,256,256,256,256,0
0,256,256,256,256,256,256,256,256,256,256,256,256,256,256,256,256,256,256,311,511,511,511,511,511,495,510,351,477,409,256,437,447,511,511,459,256,256,256,311,511,511,459,256,256,256,256,256,256,256,256,256,256,309,447,511,511,511,511,511,511,511,511,511,511,511,511,511,479,473,256,256,256,256,358,366,366,334,348,285,413,445,447,511,459,256,256,256,256,256,311,511,475,256,256,256,256,256,256,256,256,256,256,256,256,256,256,256,256,256,256,256,256,256,256,256,256,256,256,256,256,256,256,256,256,256,256,0
0,256,256,256,256,256,256,256,256,256,256,256,256,256,256,256,256,256,256,375,511,511,511,511,511,511,511,507,256,256,256,256,405,445,415,457,256,256,256,311,511,511,459,256,256,256,256,256,256,256,256,256,256,256,439,511,511,511,511,511,511,511,511,511,511,511,511,511,475,256,256,256,256,310,383,511,479,473,256,256,256,256,437,447,459,256,256,256,256,256,375,511,459,256,256,256,256,256,256,256,256,256,256,256,256,256,256,256,256,256,256,256,256,256,256,256,256,256,256,256,256,256,256,256,256,256,256,0
0,256,256,256,256,256,256,256,256,256,256,256,256,256,256,256,256,256,310,383,511,511,511,511,511,511,511,463,456,256,256,256,256,256,403,256,256,256,256,311,511,511,491,256,256,256,256,256,256,256,256,256,256,256,309,447,511,511,511,511,479,477,413,413,413,413,413,413,393,256,256,256,256,375,511,479,473,256,256,256,256,256,256,439,459,256,256,256,256,310,383,511,459,256,256,256,256,256,256,256,256,256,256,256,256,256,256,256,256,256,256,256,256,256,256,256,256,256,256,256,256,256,256,256,256,256,256,0
0,256,256,256,256,256,256,256,256,256,256,256,256,256,256,256,256,256,375,511,511,511,511,511,511,511,511,475,256,256,256,256,256,256,257,256,256,256,256,311,511,511,495,458,256,256,256,256,256,256,256,256,256,256,256,439,511,511,479,477,409,256,256,256,256,256,256,256,256,256,256,294,382,383,479,473,256,256,256,256,256,256,256,311,459,256,256,256,256,309,447,511,459,256,256,256,256,256,256,256,256,256,256,256,256,256,256,256,256,256,256,256,256,256,256,256,256,256,256,256,256,256,256,256,256,256,256,0
0,256,256,256,256,256,256,256,256,256,256,256,256,256,256,256,256,310,383,511,511,511,511,511,511,511,511,459,256,256,256,256,256,256,256,256,256,256,256,311,511,511,479,457,256,256,256,256,256,256,256,256,256,256,256,311,511,511,475,256,256,256,256,256,256,256,256,256,256,256,256,375,511,479,473,256,256,256,256,256,256,256,256,375,459,256,256,256,256,256,437,447,459,256,256,256,256,256,256,256,256,256,256,256,256,256,256,256,256,256,256,256,256,256,256,256,256,256,256,256,256,256,256,256,256,256,256,0
0,256,256,256,256,256,256,256,256,256,256,256,256,256,256,256,256,309,447,511,511,511,511,511,511,511,511,459,256,256,256,256,256,256,256,256,256,256,256,375,511,511,475,256,256,256,256,256,256,256,256,256,256,256,256,311,511,479,457,256,256,256,256,256,256,256,256,256,256,358,382,383,511,475,256,256,256,256,256,256,256,256,310,383,491,256,256,256,256,256,256,439,491,256,256,256,256,256,256,256,256,256,256,256,256,256,256,256,256,256,256,256,256,256,256,256,256,256,256,256,256,256,256,256,256,256,256,0
0,256,256,256,256,256,256,256,256,256,256,256,256,256,256,256,256,256,437,447,479,477,413,413,413,413,413,393,256,256,256,256,256,256,256,256,256,358,382,383,511,511,459,256,256,256,256,256,256,256,256,256,256,256,256,375,479,473,256,256,256,256,256,256,358,366,366,366,350,349,413,413,413,393,256,256,256,256,256,256,256,256,311,511,495,490,256,256,256,256,256,311,495,490,256,256,256,256,256,256,256,256,256,256,256,256,256,256,256,256,256,256,256,256,256,256,256,256,256,256,256,256,256,256,256,256,256,0
0,256,256,256,256,256,256,256,256,256,256,256,256,256,256,256,256,256,256,405,409,256,256,256,256,256,256,256,256,256,256,256,256,256,256,256,310,383,511,511,511,479,457,256,256,256,256,256,256,256,256,256,294,366,382,351,473,256,256,256,256,256,256,310,383,511,511,479,473,256,256,256,256,256,256,256,256,256,256,256,256,256,309,447,511,495,494,330,256,256,256,311,511,495,490,256,256,256,256,256,256,256,256,256,256,256,256,256,256,256,256,256,256,256,256,256,256,256,256,256,256,256,256,256,256,256,256,0
0,256,256,256,256,256,256,256,256,256,256,256,256,256,256,256,256,256,256,256,256,256,256,256,256,256,256,256,256,256,256,256,256,256,256,256,311,511,479,477,413,409,256,256,256,256,256,256,256,256,256,256,311,511,511,475,256,256,256,256,256,256,256,311,511,511,479,473,256,256,256,256,256,256,256,256,256,358,330,256,256,256,256,437,447,511,511,459,256,256,256,309,447,511,495,494,366,330,256,256,256,256,256,256,256,256,256,256,256,256,256,256,256,256,256,256,256,256,256,256,256,256,256,256,256,256,256,0
0,256,256,256,256,256,256,256,256,256,256,256,256,256,256,256,256,256,256,256,256,256,256,256,256,256,256,256,256,256,256,256,256,256,256,256,375,479,473,256,256,256,256,256,256,256,256,256,256,256,256,256,311,511,511,459,256,256,256,256,256,256,256,277,413,445,411,256,256,256,256,256,256,256,256,358,382,383,459,256,256,256,256,256,437,447,511,459,256,256,256,256,437,447,511,511,511,459,256,256,256,256,256,256,256,256,256,256,256,256,256,256,256,256,256,256,256,256,256,256,256,256,256,256,256,256,256,0
0,256,256,256,256,256,256,256,256,256,256,256,256,256,256,256,256,256,256,256,256,256,256,256,256,256,256,256,256,256,256,256,358,366,366,382,351,473,256,256,256,256,256,256,256,256,256,256,256,256,256,256,375,511,511,459,256,256,256,256,256,256,256,256,256,256,451,256,256,256,256,256,256,294,382,383,511,511,459,256,256,256,256,256,256,439,511,459,256,256,256,256,256,437,447,511,511,459,256,256,256,256,256,256,256,256,256,256,256,256,256,256,256,256,256,256,256,256,256,256,256,256,256,256,256,256,256,0
0,256,256,256,256,256,256,256,256,256,256,256,256,256,256,256,256,256,256,256,256,256,256,256,256,256,256,256,256,256,358,382,383,511,511,511,475,256,256,256,256,256,256,256,256,256,256,256,256,256,256,310,383,511,479,457,256,256,256,256,256,256,256,256,256,374,331,256,256,256,256,256,256,375,511,511,511,511,459,256,256,256,256,256,256,311,511,459,256,256,256,256,256,256,437,447,511,459,256,256,256,256,256,256,256,256,256,256,256,256,256,256,256,256,256,256,256,256,256,256,256,256,256,256,256,256,256,0
0,256,256,256,256,256,256,256,256,256,256,256,256,256,256,256,256,256,256,256,256,256,256,256,256,256,256,256,256,374,383,511,511,511,511,511,459,256,256,256,256,256,256,256,256,256,256,256,256,256,256,311,479,477,409,256,256,256,256,256,256,256,294,366,382,383,459,256,256,256,294,334,348,285,413,445,447,511,459,256,256,256,256,256,256,311,511,491,256,256,256,256,256,256,256,439,511,459,256,256,256,256,256,256,256,256,256,256,256,256,256,256,256,256,256,256,256,256,256,256,256,256,256,256,256,256,256,0
0,256,256,256,256,256,256,256,256,256,256,256,256,256,256,256,256,256,256,256,256,256,256,256,256,256,358,366,382,383,511,511,511,511,511,511,491,256,256,256,256,256,256,256,256,256,256,256,256,256,256,375,475,256,256,256,256,256,256,256,256,256,375,511,479,477,393,256,256,256,343,473,256,256,256,256,405,413,393,256,256,256,256,256,256,311,511,495,494,362,256,256,256,256,256,311,511,491,256,256,256,256,256,256,256,256,256,256,256,256,256,256,256,256,256,256,256,256,256,256,256,256,256,256,256,256,256,0
0,256,256,256,256,256,256,256,256,256,256,256,256,256,256,256,256,256,256,256,256,358,366,366,366,382,383,511,511,511,511,511,511,511,511,511,495,490,256,256,256,256,256,256,256,256,256,256,256,358,382,351,457,256,256,256,256,256,256,256,256,374,383,479,473,256,256,256,256,342,345,256,256,256,256,256,256,256,256,256,256,256,256,256,256,375,511,479,509,431,462,328,256,256,256,311,511,495,490,256,256,256,256,256,256,256,256,256,256,256,256,256,256,256,256,256,256,256,256,256,256,256,256,256,256,256,256,0
0,256,256,256,256,256,256,256,256,256,256,256,256,256,256,256,256,256,256,256,374,383,511,511,511,511,511,511,511,511,511,511,511,511,511,511,511,495,458,256,256,256,256,256,256,256,358,366,382,383,479,473,256,256,256,256,294,366,366,366,382,383,479,473,256,256,256,256,374,347,256,256,256,256,256,256,256,256,256,256,256,256,256,256,374,383,511,475,512,407,473,256,256,256,256,311,511,511,495,494,366,330,256,256,256,256,256,256,256,256,256,256,256,256,256,256,256,256,256,256,256,256,256,256,256,256,256,0
0,256,256,256,256,256,256,256,256,256,256,256,256,256,256,256,256,256,256,374,383,511,511,479,509,447,511,511,511,511,511,479,509,447,511,479,477,413,393,256,256,256,256,256,256,310,383,511,479,477,409,256,256,256,256,256,375,511,511,511,511,479,473,256,256,256,256,374,383,459,256,256,256,256,256,256,256,256,256,256,256,256,256,374,383,511,511,491,512,273,256,256,256,256,256,311,511,511,511,511,511,459,256,256,256,256,256,256,256,256,256,256,256,256,256,256,256,256,256,256,256,256,256,256,256,256,256,0
0,256,256,256,256,256,256,256,256,256,256,256,256,256,256,256,256,256,310,383,511,511,511,475,256,439,511,479,477,445,447,475,256,439,511,475,256,256,256,256,256,256,256,256,256,343,477,413,409,256,256,256,256,256,256,374,383,511,511,511,511,475,256,256,256,256,374,383,511,491,256,256,256,256,256,256,256,256,256,256,256,256,374,383,511,511,511,495,714,256,256,256,256,256,256,311,511,511,511,511,511,459,256,256,256,256,256,256,256,256,256,256,256,256,256,256,256,256,256,256,256,256,256,256,256,256,256,0
0,256,256,256,256,256,256,256,256,256,256,256,256,256,256,256,256,256,311,511,511,511,511,459,256,311,511,475,512,512,407,457,256,375,479,457,256,256,256,256,358,366,366,366,350,345,256,256,256,256,256,256,256,294,382,383,511,511,511,511,511,459,256,256,256,310,383,511,511,495,490,256,256,256,256,256,256,256,256,256,256,374,383,511,511,511,511,511,491,256,256,256,256,256,256,311,511,511,511,511,511,459,256,256,256,256,256,256,256,256,256,256,256,256,256,256,256,256,256,256,256,256,256,256,256,256,256,0
0,256,256,256,256,256,256,256,256,256,256,256,256,256,256,256,256,256,309,447,511,511,511,491,256,375,511,491,512,512,371,256,374,383,475,256,256,256,256,310,383,511,511,511,475,256,256,256,256,256,256,256,256,375,511,479,477,413,413,445,447,459,256,256,256,311,511,511,511,511,495,494,366,366,366,366,366,366,366,366,382,383,511,511,511,511,511,511,495,458,256,256,256,256,256,311,511,511,511,511,511,491,256,256,256,256,256,256,256,256,256,256,256,256,256,256,256,256,256,256,256,256,256,256,256,256,256,0
0,256,256,256,256,256,256,256,256,256,256,256,256,256,256,256,256,256,256,439,511,511,511,495,510,383,511,495,750,638,367,510,383,511,459,256,256,256,256,277,413,413,413,413,393,256,256,256,256,256,256,256,374,383,479,473,256,256,256,256,405,393,256,256,256,375,511,511,511,511,511,511,511,511,511,511,511,511,511,479,477,413,413,413,413,413,413,413,413,393,256,256,256,256,256,311,511,511,511,511,511,495,490,256,256,256,256,256,256,256,256,256,256,256,256,256,256,256,256,256,256,256,256,256,256,256,256,0
0,256,256,256,256,256,256,256,256,256,256,256,256,256,256,256,256,256,256,311,511,511,511,511,511,511,511,511,511,511,511,511,511,511,459,256,256,256,256,256,256,256,256,256,256,256,256,294,366,366,366,382,351,477,409,256,256,256,256,256,256,256,256,256,310,383,511,479,477,413,413,413,413,413,445,447,511,511,511,475,256,256,256,256,256,256,256,256,256,256,256,256,256,256,256,311,511,511,511,511,511,511,495,458,256,256,256,256,256,256,256,256,256,256,256,256,256,256,256,256,256,256,256,256,256,256,256,0
0,256,256,256,256,256,256,256,256,256,256,256,256,256,256,256,256,256,256,311,511,511,511,511,511,511,511,511,511,511,511,511,511,479,457,256,256,256,256,256,256,256,256,256,256,256,256,375,511,479,477,413,409,256,256,256,256,256,256,256,256,256,256,256,311,511,479,473,256,256,256,256,256,256,256,437,447,511,511,459,256,256,256,256,256,256,256,256,256,256,256,256,256,256,256,311,511,511,511,511,511,511,511,459,256,256,256,256,256,256,256,256,256,256,256,256,256,256,256,256,256,256,256,256,256,256,256,0
0,256,256,256,256,256,256,256,256,256,256,256,256,256,256,256,256,256,256,311,511,511,511,511,511,511,511,511,511,511,511,511,511,507,256,256,256,256,256,256,256,256,256,256,256,256,374,383,479,473,256,256,256,256,256,256,256,256,256,256,256,256,256,256,375,511,475,256,256,256,256,256,256,256,256,256,439,511,511,491,256,256,256,256,256,256,256,256,256,256,256,256,256,256,256,311,511,511,479,477,413,445,447,491,256,256,256,256,256,256,256,256,256,256,256,256,256,256,256,256,256,256,256,256,256,256,256,0
0,256,256,256,256,256,256,256,256,256,256,256,256,256,256,256,256,256,256,311,511,511,511,511,511,511,511,511,511,511,511,511,511,495,494,366,366,366,366,366,366,366,366,366,366,382,383,479,473,256,256,256,256,256,256,256,256,256,256,256,256,256,256,310,383,479,457,256,256,256,256,256,256,256,256,256,311,511,511,495,494,366,366,366,366,330,256,256,256,256,256,256,256,256,256,311,511,479,473,256,256,256,439,495,490,256,256,256,256,256,256,256,256,256,256,256,256,256,256,256,256,256,256,256,256,256,256,0
0,256,256,256,256,256,256,256,256,256,256,256,256,256,256,256,256,256,256,311,479,477,413,413,413,413,413,445,447,511,511,511,511,511,511,479,509,447,511,511,511,511,511,511,511,511,479,473,256,256,256,256,256,256,256,256,256,256,256,256,256,256,256,311,511,475,256,256,256,256,256,256,256,256,256,256,311,511,511,511,511,511,511,511,511,491,256,256,256,256,256,256,256,256,256,375,511,475,256,256,256,256,375,511,495,494,366,330,256,256,256,256,256,256,256,256,256,256,256,256,256,256,256,256,256,256,256,0
0,256,256,256,256,256,256,256,256,256,256,256,256,256,256,256,256,256,256,279,473,256,256,256,256,256,256,256,437,447,511,511,511,511,479,473,256,439,511,511,511,511,511,511,511,479,473,256,256,256,256,256,256,256,256,256,256,256,256,256,256,256,256,277,413,393,256,256,256,256,256,256,256,256,256,256,311,511,511,511,511,511,511,511,511,495,494,362,256,256,256,256,256,358,382,383,479,457,256,256,256,310,383,511,511,511,511,491,256,256,256,256,256,256,256,256,256,256,256,256,256,256,256,256,256,256,256,0
0,256,256,256,256,256,256,256,256,256,256,256,256,256,256,256,256,256,256,273,256,256,256,256,256,256,256,256,256,437,447,511,511,479,473,256,256,309,447,511,511,511,511,511,479,473,256,256,256,256,256,256,256,256,256,256,256,256,256,256,256,256,256,256,256,256,256,256,256,256,256,256,256,256,256,256,311,511,511,511,511,511,511,511,511,511,511,495,494,366,366,366,382,383,511,511,475,256,256,256,256,309,447,511,511,511,511,463,456,256,256,256,256,256,256,256,256,256,256,256,256,256,256,256,256,256,256,0
0,256,256,256,256,256,256,256,256,256,256,256,256,256,256,256,256,256,256,256,256,256,256,256,256,256,256,256,256,256,437,447,479,473,256,256,256,256,405,413,413,445,447,511,475,256,256,256,256,256,256,256,256,256,256,256,256,256,256,256,256,256,256,256,256,256,256,256,256,256,256,256,256,256,256,256,311,511,511,479,477,413,413,413,413,445,447,511,511,511,511,511,511,511,479,477,393,256,256,256,256,256,437,447,511,511,511,475,256,256,256,256,256,256,256,256,256,256,256,256,256,256,256,256,256,256,256,0
0,256,256,256,256,256,256,256,256,256,256,256,256,256,256,256,256,256,256,256,256,256,256,256,256,256,256,256,256,256,256,405,409,256,256,256,256,256,256,256,256,256,437,447,459,256,256,256,256,256,256,256,256,256,256,256,256,256,256,256,256,256,256,256,256,256,256,256,256,256,256,256,256,256,256,256,309,447,511,475,256,256,256,256,256,256,439,511,511,511,511,479,477,413,409,256,256,256,256,256,256,256,256,405,413,413,413,393,256,256,256,256,256,256,256,256,256,256,256,256,256,256,256,256,256,256,256,0
0,256,256,256,256,256,256,256,256,256,256,256,256,256,256,256,256,256,256,256,256,256,256,256,256,256,256,256,256,256,256,256,256,256,256,256,256,256,256,256,256,256,256,405,393,256,256,256,256,256,256,256,256,256,256,256,256,256,256,256,256,256,256,256,256,256,256,256,256,256,256,256,256,256,256,256,256,437,447,459,256,256,256,256,256,256,309,447,511,479,477,409,256,256,256,256,256,256,256,256,256,256,256,256,256,256,256,256,256,256,256,256,256,256,256,256,256,256,256,256,256,256,256,256,256,256,256,0
0,256,256,256,256,256,256,256,256,256,256,256,256,256,256,256,256,256,256,256,256,256,256,256,256,256,256,256,256,256,256,256,256,256,256,256,256,256,256,256,256,256,256,256,256,256,256,256,256,256,256,256,256,256,256,256,256,256,256,256,256,256,256,256,256,256,256,256,256,256,256,256,256,256,256,256,256,256,405,393,256,256,256,256,256,256,256,405,413,409,256,256,256,256,256,256,256,256,256,256,256,256,256,256,256,256,256,256,256,256,256,256,256,256,256,256,256,256,256,256,256,256,256,256,256,256,256,0
0,256,256,256,256,256,256,256,256,256,256,256,256,256,256,256,256,256,256,256,256,256,256,256,256,256,256,256,256,256,256,256,256,256,256,256,256,256,256,256,256,256,256,256,256,256,256,256,256,256,256,256,256,256,256,256,256,256,256,256,256,256,256,256,256,256,256,256,256,256,256,256,256,256,256,256,256,256,256,256,256,256,256,256,256,256,256,256,256,256,256,256,256,256,256,256,256,256,256,256,256,256,256,256,256,256,256,256,256,256,256,256,256,256,256,256,256,256,256,256,256,256,256,256,256,256,256,0
0,256,256,256,256,256,256,256,256,256,256,256,256,256,256,256,256,256,256,256,256,256,256,256,256,256,256,256,256,256,256,256,256,256,256,256,256,256,256,256,256,256,256,256,256,256,256,256,256,256,256,256,256,256,256,256,256,256,256,256,256,256,256,256,256,256,256,256,256,256,256,256,256,256,256,256,256,256,256,256,256,256,256,256,256,256,256,256,256,256,256,256,256,256,256,256,256,256,256,256,256,256,256,256,256,256,256,256,256,256,256,256,256,256,256,256,256,256,256,256,256,256,256,256,256,256,256,0
0,256,256,256,256,256,256,256,256,256,256,256,256,256,256,256,256,256,256,256,256,256,256,256,256,256,256,256,256,256,256,256,256,256,256,256,256,256,256,256,256,256,256,256,256,256,256,256,256,256,256,256,256,256,256,256,256,256,256,256,256,256,256,256,256,256,256,256,256,256,256,256,256,256,256,256,256,256,256,256,256,256,256,256,256,256,256,256,256,256,256,256,256,256,256,256,256,256,256,256,256,256,256,256,256,256,256,256,256,256,256,256,256,256,256,256,256,256,256,256,256,256,256,256,256,256,256,0
0,256,256,256,256,256,256,256,256,256,256,256,256,256,256,256,256,256,256,256,256,256,256,256,256,256,256,256,256,256,256,256,256,256,256,256,256,256,256,256,256,256,256,256,256,256,256,256,256,256,256,256,256,256,256,256,256,256,256,256,256,256,256,256,256,256,256,256,256,256,256,256,256,256,256,256,256,256,256,256,256,256,256,256,256,256,256,256,256,256,256,256,256,256,256,256,256,256,256,256,256,256,256,256,256,256,256,256,256,256,256,256,256,256,256,256,256,256,256,256,256,256,256,256,256,256,256,0
0,256,256,256,256,256,256,256,256,256,256,256,256,256,256,256,256,256,256,256,256,256,256,256,256,256,256,256,256,256,256,256,256,256,256,256,256,256,256,256,256,256,256,256,256,256,256,256,256,256,256,256,256,256,256,256,256,256,256,256,256,256,256,256,256,256,256,256,256,256,256,256,256,256,256,256,256,256,256,256,256,256,256,256,256,256,256,256,256,256,256,256,256,256,256,256,256,256,256,256,256,256,256,256,256,256,256,256,256,256,256,256,256,256,256,256,256,256,256,256,256,256,256,256,256,256,256,0
0,256,256,256,256,256,256,256,256,256,256,256,256,256,256,256,256,256,256,256,256,256,256,256,256,256,256,256,256,256,256,256,256,256,256,256,256,256,256,256,256,256,256,256,256,256,256,256,256,256,256,256,256,256,256,256,256,256,256,256,256,256,256,256,256,256,256,256,256,256,256,256,256,256,256,256,256,256,256,256,256,256,256,256,256,256,256,256,256,256,256,256,256,256,256,256,256,256,256,256,256,256,256,256,256,256,256,256,256,256,256,256,256,256,256,256,256,256,256,256,256,256,256,256,256,256,256,0
0,256,256,256,256,256,256,256,256,256,256,256,256,256,256,256,256,256,256,256,256,256,256,256,256,256,256,256,256,256,256,256,256,256,256,256,256,256,256,256,256,256,256,256,256,256,256,256,256,256,256,256,256,256,256,256,256,256,256,256,256,256,256,256,256,256,256,256,256,256,256,256,256,256,256,256,256,256,256,256,256,256,256,256,256,256,256,256,256,256,256,256,256,256,256,256,256,256,256,256,256,256,256,256,256,256,256,256,256,256,256,256,256,256,256,256,256,256,256,256,256,256,256,256,256,256,256,0
0,256,256,256,256,256,256,256,256,256,256,256,256,256,256,256,256,256,256,256,256,256,256,256,256,256,256,256,256,256,256,256,256,256,256,256,256,256,256,256,256,256,256,256,256,256,256,256,256,256,256,256,256,256,256,256,256,256,256,256,256,256,256,256,256,256,256,256,256,256,256,256,256,256,256,256,256,256,256,256,256,256,256,256,256,256,256,256,256,256,256,256,256,256,256,256,256,256,256,256,256,256,256,256,256,256,256,256,256,256,256,256,256,256,256,256,256,256,256,256,256,256,256,256,256,256,256,0
0,256,256,256,256,256,256,256,256,256,256,256,256,256,256,256,256,256,256,256,256,256,256,256,256,256,256,256,256,256,256,256,256,256,256,256,256,256,256,256,256,256,256,256,256,256,256,256,256,256,256,256,256,256,256,256,256,256,256,256,256,256,256,256,256,256,256,256,256,256,256,256,256,256,256,256,256,256,256,256,256,256,256,256,256,256,256,256,256,256,256,256,256,256,256,256,256,256,256,256,256,256,256,256,256,256,256,256,256,256,256,256,256,256,256,256,256,256,256,256,256,256,256,256,256,256,256,0
0,256,256,256,256,256,256,256,256,256,256,256,256,256,256,256,256,256,256,256,256,256,256,256,256,256,256,256,256,256,256,256,256,256,256,256,256,256,256,256,256,256,256,256,256,256,256,256,256,256,256,256,256,256,256,256,256,256,256,256,256,256,256,256,256,256,256,256,256,256,256,256,256,256,256,256,256,256,256,256,256,256,256,256,256,256,256,256,256,256,256,256,256,256,256,256,256,256,256,256,256,256,256,256,256,256,256,256,256,256,256,256,256,256,256,256,256,256,256,256,256,256,256,256,256,256,256,0
0,256,256,256,256,256,256,256,256,256,256,256,256,256,256,256,256,256,256,256,256,256,256,256,256,256,256,256,256,256,256,256,256,256,256,256,256,256,256,256,256,256,256,256,256,256,256,256,256,256,256,256,256,256,256,256,256,256,256,256,256,256,256,256,256,256,256,256,256,256,256,256,256,256,256,256,256,256,256,256,256,256,256,256,256,256,256,256,256,256,256,256,256,256,256,256,256,256,256,256,256,256,256,256,256,256,256,256,256,256,256,256,256,256,256,256,256,256,256,256,256,256,256,256,256,256,256,0
0,256,256,256,256,256,256,256,256,256,256,256,256,256,256,256,256,256,256,256,256,256,256,256,256,256,256,256,256,256,256,256,256,256,256,256,256,256,256,256,256,256,256,256,256,256,256,256,256,256,256,256,256,256,256,256,256,256,256,256,256,256,256,256,256,256,256,256,256,256,256,256,256,256,256,256,256,256,256,256,256,256,256,256,256,256,256,256,256,256,256,256,256,256,256,256,256,256,256,256,256,256,256,256,256,256,256,256,256,256,256,256,256,256,256,256,256,256,256,256,256,256,256,256,256,256,256,0
0,256,256,256,256,256,256,256,256,256,256,256,256,256,256,256,256,256,256,256,256,256,256,256,256,256,256,256,256,256,256,256,256,256,256,256,256,256,256,256,256,256,256,256,256,256,256,256,256,256,256,256,256,256,256,256,256,256,256,256,256,256,256,256,256,256,256,256,256,256,256,256,256,256,256,256,256,256,256,256,256,256,256,256,256,256,256,256,256,256,256,256,256,256,256,256,256,256,256,256,256,256,256,256,256,256,256,256,256,256,256,256,256,256,256,256,256,256,256,256,256,256,256,256,256,256,256,0
0,256,256,256,256,256,256,256,256,256,256,256,256,256,256,256,256,256,256,256,256,256,256,256,256,256,256,256,256,256,256,256,256,256,256,256,256,256,256,256,256,256,256,256,256,256,256,256,256,256,256,256,256,256,256,256,256,256,256,256,256,256,256,256,256,256,256,256,256,256,256,256,256,256,256,256,256,256,256,256,256,256,256,256,256,256,256,256,256,256,256,256,256,256,256,256,256,256,256,256,256,256,256,256,256,256,256,256,256,256,256,256,256,256,256,256,256,256,256,256,256,256,256,256,256,256,256,0
0,256,256,256,256,256,256,256,256,256,256,256,256,256,256,256,256,256,256,256,256,256,256,256,256,256,256,256,256,256,256,256,256,256,256,256,256,256,256,256,256,256,256,256,256,256,256,256,256,256,256,256,256,256,256,256,256,256,256,256,256,256,256,256,256,256,256,256,256,256,256,256,256,256,256,256,256,256,256,256,256,256,256,256,256,256,256,256,256,256,256,256,256,256,256,256,256,256,256,256,256,256,256,256,256,256,256,256,256,256,256,256,256,256,256,256,256,256,256,256,256,256,256,256,256,256,256,0
0,256,256,256,256,256,256,256,256,256,256,256,256,256,256,256,256,256,256,256,256,256,256,256,256,256,256,256,256,256,256,256,256,256,256,256,256,256,256,256,256,256,256,256,256,256,256,256,256,256,256,256,256,256,256,256,256,256,256,256,256,256,256,256,256,256,256,256,256,256,256,256,256,256,256,256,256,256,256,256,256,256,256,256,256,256,256,256,256,256,256,256,256,256,256,256,256,256,256,256,256,256,256,256,256,256,256,256,256,256,256,256,256,256,256,256,256,256,256,256,256,256,256,256,256,256,256,0
0,0,0,0,0,0,0,0,0,0,0,0,0,0,0,0,0,0,0,0,0,0,0,0,0,0,0,0,0,0,0,0,0,0,0,0,0,0,0,0,0,0,0,0,0,0,0,0,0,0,0,0,0,0,0,0,0,0,0,0,0,0,0,0,0,0,0,0,0,0,0,0,0,0,0,0,0,0,0,0,0,0,0,0,0,0,0,0,0,0,0,0,0,0,0,0,0,0,0,0,0,0,0,0,0,0,0,0,0,0,0,0,0,0,0,0,0,0,0,0,0,0,0,0,0,0,0,0
