32704
32831
32768
32895
0,0,0,0,0,0,0,0,0,0,0,0,0,0,0,0,0,0,0,0,0,0,0,0,0,0,0,0,0,0,0,0,0,0,0,0,0,0,0,0,0,0,0,0,0,0,0,0,0,0,0,0,0,0,0,0,0,0,0,0,0,0,0,0,0,0,0,0,0,0,0,0,0,0,0,0,0,0,0,0,0,0,0,0,0,0,0,0,0,0,0,0,0,0,0,0,0,0,0,0,0,0,0,0,0,0,0,0,0,0,0,0,0,0,0,0,0,0,0,0,0,0,0,0,0,0,0,0
0,256,256,256,256,256,256,256,256,256,256,256,256,256,256,256,256,256,256,256,256,256,256,256,256,256,256,256,256,256,256,256,256,256,256,256,256,256,256,256,256,256,256,256,256,256,256,256,256,256,256,256,256,256,256,256,256,256,256,256,256,256,256,256,256,256,256,256,256,256,256,256,256,256,256,256,256,256,256,256,256,256,256,256,256,256,256,256,256,256,256,256,256,256,256,256,256,256,256,256,256,256,256,256,256,256,256,256,256,256,256,256,256,256,256,256,256,256,256,256,256,256,256,256,256,256,256,0
0,256,256,256,256,256,256,256,256,256,256,256,256,256,256,256,256,256,256,256,256,256,256,256,256,256,256,256,256,256,256,256,256,256,256,256,256,256,256,256,256,256,256,256,256,256,256,256,256,256,256,256,256,256,256,256,256,256,256,256,256,256,256,256,256,256,256,256,256,256,256,256,256,256,256,256,256,256,256,256,256,256,256,256,256,256,256,256,256,256,256,256,256,256,256,256,256,256,256,256,256,256,256,256,256,256,256,256,256,256,256,256,256,256,256,256,256,256,256,256,256,256,256,256,256,256,256,0
0,256,256,256,256,256,256,256,256,256,256,256,256,256,256,256,256,256,256,256,256,256,256,256,256,256,256,256,256,256,256,256,256,256,256,256,256,256,256,256,256,256,256,256,256,256,256,256,256,256,256,256,256,256,256,256,256,256,256,256,256,256,256,256,256,256,256,256,256,256,256,256,256,256,256,256,256,256,256,256,256,256,256,256,256,256,256,256,256,256,256,256,256,256,256,256,256,256,256,256,256,256,256,256,256,256,256,256,256,256,256,256,256,256,256,256,256,256,256,256,256,256,256,256,256,256,256,0
0,256,256,256,256,256,256,256,256,256,256,256,256,256,256,256,256,256,256,256,256,256,256,256,256,256,256,256,256,256,256,256,256,256,256,256,256,256,256,256,256,256,256,256,256,256,256,256,256,256,256,256,256,256,256,256,256,256,256,256,256,256,256,256,256,256,256,256,256,256,256,256,256,256,256,256,256,256,256,256,256,256,256,256,256,256,256,256,256,256,256,256,256,256,256,256,256,256,256,256,256,256,256,256,256,256,256,256,256,256,256,256,256,256,256,256,256,256,256,256,256,256,256,256,256,256,256,0
0,256,256,256,256,256,256,256,256,256,256,256,256,256,256,256,256,256,256,256,256,256,256,256,256,256,256,256,256,256,256,256,256,256,256,256,256,256,256,256,256,256,256,256,256,256,256,256,256,256,256,256,256,256,256,256,256,256,256,256,256,256,256,256,256,256,256,256,256,256,256,256,256,256,256,256,256,256,256,256,256,256,256,256,256,256,256,256,256,256,256,256,256,256,256,256,256,256,256,256,256,256,256,256,256,256,256,256,256,256,256,256,256,256,256,256,256,256,256,256,256,256,256,256,256,256,256,0
0,256,256,256,256,256,256,256,256,256,256,256,256,256,256,256,256,256,256,256,256,256,256,256,256,256,256,256,256,256,256,256,256,256,256,256,256,256,256,256,256,256,256,256,256,256,256,256,256,256,256,256,256,256,256,256,256,256,256,256,256,256,256,256,256,256,256,256,256,256,256,256,256,256,256,256,256,256,256,256,256,256,256,256,256,256,256,256,256,256,256,256,256,256,256,256,256,256,256,256,256,256,256,256,256,256,256,256,256,256,256,256,256,256,256,256,256,256,256,256,256,256,256,256,256,256,256,0
0,256,256,256,256,256,256,256,256,256,256,256,256,256,256,256,256,256,256,256,256,256,256,256,256,256,256,256,256,256,256,256,256,256,256,256,256,256,256,256,256,256,256,256,256,256,256,256,256,256,256,256,256,256,256,256,256,256,256,256,256,256,256,256,256,256,256,256,256,256,256,256,256,256,256,256,256,256,256,256,256,256,256,256,256,256,256,256,256,256,256,256,256,256,256,256,256,256,256,256,256,256,256,256,256,256,256,256,256,256,256,256,256,256,256,256,256,256,256,256,256,256,256,256,256,256,256,0
0,256,256,256,256,256,256,256,256,256,256,256,256,256,256,256,256,256,256,256,256,256,256,256,256,256,256,256,256,256,256,256,256,256,256,256,256,256,256,256,256,256,256,256,256,256,256,256,256,256,256,256,256,256,256,256,256,256,256,256,256,256,256,256,256,256,256,256,256,256,256,256,256,256,256,256,256,256,256,256,256,256,256,256,256,256,256,256,256,256,256,256,256,256,256,256,256,256,256,256,256,256,256,256,256,256,256,256,256,256,256,256,256,256,256,256,256,256,256,256,256,256,256,256,256,256,256,0
0,256,256,256,256,256,256,256,256,256,256,256,256,256,256,256,256,256,256,256,256,256,256,256,256,256,256,256,256,256,256,256,256,256,256,256,256,256,256,256,256,256,256,256,256,256,256,256,256,256,256,256,256,256,256,256,256,256,256,256,256,256,256,256,256,256,256,256,256,256,256,256,256,256,256,256,256,256,256,256,256,256,256,256,256,256,256,256,256,256,256,256,256,256,256,256,256,256,256,256,256,256,256,256,256,256,256,256,256,256,256,256,256,256,256,256,256,256,256,256,256,256,256,256,256,256,256,0
0,256,256,256,256,256,256,256,256,256,256,256,256,256,256,256,256,256,256,256,256,256,256,256,256,256,256,256,256,256,256,256,256,256,256,256,256,256,256,256,256,256,256,256,256,256,256,256,256,256,256,256,256,256,256,256,256,256,256,256,256,256,256,256,256,256,256,256,256,256,256,256,256,256,256,256,256,256,256,256,256,256,256,256,256,256,256,256,256,256,256,256,256,256,256,256,256,256,256,256,256,256,256,256,256,256,256,256,256,256,256,256,256,256,256,256,256,256,256,256,256,256,256,256,256,256,256,0
0,256,256,256,256,256,256,256,256,256,256,256,256,256,256,256,256,256,256,256,256,256,256,256,256,256,256,256,256,256,256,256,256,256,256,256,256,256,256,256,256,256,256,256,256,256,256,256,256,256,256,256,256,256,256,256,256,256,256,256,256,256,256,256,256,256,256,256,256,256,256,256,256,256,256,256,256,256,256,256,256,256,256,256,256,256,256,256,256,256,256,256,256,256,256,256,256,256,256,256,256,256,256,256,256,256,256,256,256,256,256,256,256,256,256,256,256,256,256,256,256,256,256,256,256,256,256,0
0,256,256,256,256,256,256,256,256,256,256,256,256,256,256,256,256,256,256,256,256,256,256,256,256,256,256,256,256,256,256,256,256,256,256,256,256,256,256,256,256,256,256,256,256,256,256,256,256,256,256,256,256,256,256,256,256,256,256,256,256,256,256,256,256,256,256,256,256,256,256,256,256,256,256,256,256,256,256,256,256,256,256,256,256,256,256,256,256,256,256,256,256,256,256,256,256,256,256,256,256,256,256,256,256,256,256,256,256,256,256,256,256,256,256,256,256,256,256,256,256,256,256,256,256,256,256,0
0,256,256,256,256,256,256,256,256,256,256,256,256,256,256,256,256,256,256,256,256,256,256,256,256,256,256,256,256,256,256,256,256,256,256,256,256,256,256,256,256,256,256,256,256,256,256,256,256,256,256,256,256,256,256,256,256,256,256,256,256,256,256,256,256,256,256,256,256,256,256,256,256,256,256,256,256,256,256,256,256,256,256,256,256,256,256,256,256,256,256,256,256,256,256,256,256,256,256,256,256,256,256,256,256,256,256,256,256,256,256,256,256,256,256,256,256,256,256,256,256,256,256,256,256,256,256,0
0,256,256,256,256,256,256,256,256,256,256,256,256,256,256,256,256,256,256,256,256,256,256,256,256,256,256,256,256,256,256,256,256,256,256,256,256,256,256,256,256,256,256,256,256,256,256,256,256,256,256,256,256,256,256,256,256,256,256,256,256,256,256,256,256,256,256,256,256,256,256,256,256,256,256,256,256,256,256,256,256,256,256,256,256,256,256,256,256,256,256,256,256,256,256,256,256,256,256,256,256,256,256,256,256,256,256,256,256,256,256,256,256,256,256,256,256,256,256,256,256,256,256,256,256,256,256,0
0,256,256,256,256,256,256,256,256,256,256,256,256,256,256,256,256,256,256,256,256,256,256,256,256,256,256,256,256,256,256,256,256,256,256,256,256,256,256,256,256,256,256,256,256,256,256,256,256,256,256,256,256,256,256,256,256,256,256,256,256,256,256,256,256,256,256,256,256,256,256,256,256,256,256,256,256,256,256,256,256,256,256,256,256,256,256,256,256,256,256,256,256,256,256,256,256,256,256,256,256,256,256,256,256,256,256,256,256,256,256,256,256,256,256,256,256,256,256,256,256,256,256,256,256,256,256,0
0,256,256,256,256,256,256,256,256,256,256,256,256,256,256,256,256,256,256,256,256,256,256,256,256,256,256,256,256,256,256,256,256,256,256,256,256,256,256,256,256,256,256,256,256,256,256,256,256,256,256,256,256,256,256,256,256,256,256,256,256,256,256,256,256,256,256,256,256,256,256,256,256,256,256,256,256,256,256,256,256,256,256,256,256,256,256,256,256,256,256,256,256,256,256,256,256,256,256,256,256,256,256,256,256,256,256,256,256,256,256,256,256,256,256,256,256,256,256,256,256,256,256,256,256,256,256,0
0,256,256,256,256,256,256,256,256,256,256,256,256,256,256,256,256,256,256,256,256,256,256,256,256,256,256,256,256,256,256,256,256,256,256,256,256,256,256,256,256,256,256,256,256,256,256,256,256,256,256,256,256,256,256,256,256,256,256,256,256,256,256,256,256,256,256,256,256,256,256,256,256,256,256,256,256,256,256,256,256,256,256,256,256,256,256,256,256,256,256,256,256,256,256,256,256,256,256,256,256,256,256,256,256,256,256,256,256,256,256,256,256,256,256,256,256,256,256,256,256,256,256,256,256,256,256,0
0,256,256,256,256,256,256,256,256,256,256,256,256,256,256,256,256,256,256,256,256,256,256,256,256,256,256,256,256,256,256,256,256,256,256,256,256,256,256,256,256,256,256,256,256,256,256,256,256,256,256,256,256,256,256,256,256,256,256,256,256,256,256,256,256,256,256,256,256,256,256,256,256,256,256,256,256,256,256,256,256,256,256,256,256,256,256,256,256,256,256,256,256,256,256,256,256,256,256,256,256,256,256,256,256,256,256,256,256,256,256,256,256,256,256,256,256,256,256,256,256,256,256,256,256,256,256,0
0,256,256,256,256,256,256,256,256,256,256,256,256,256,256,256,256,294,366,362,256,256,256,256,256,256,256,256,256,256,256,256,256,294,366,330,256,256,256,294,366,362,256,322,256,256,256,256,256,256,256,256,256,256,256,256,256,256,256,256,256,294,366,366,330,256,256,256,256,294,366,366,366,362,256,256,256,256,256,256,256,256,256,256,256,256,256,256,256,256,256,256,256,256,256,256,294,366,366,330,256,256,256,294,366,366,366,362,256,256,256,256,256,256,256,256,256,256,256,256,256,256,256,256,256,256,256,0
0,256,256,256,256,256,256,256,256,256,256,256,256,256,256,256,256,311,511,495,494,366,362,256,358,330,256,256,256,294,330,256,256,311,479,457,256,256,256,311,511,495,510,331,256,256,256,290,256,256,358,366,366,366,366,366,366,330,256,256,256,311,511,511,459,256,256,256,256,311,511,511,511,495,458,256,294,362,256,256,358,366,366,330,256,256,256,256,256,256,256,256,256,256,256,256,311,511,511,459,256,256,256,311,511,511,511,495,458,256,256,256,256,256,256,256,256,256,256,256,256,256,256,256,256,256,256,0
0,256,256,256,256,256,256,256,256,256,256,256,256,256,256,256,256,311,511,511,511,511,495,510,383,459,256,256,256,311,459,256,256,311,507,256,256,256,256,375,511,511,511,459,256,256,256,295,494,382,383,511,511,511,511,511,511,491,256,256,256,311,511,511,491,256,358,362,256,375,511,511,511,511,459,256,311,495,494,382,383,511,511,491,256,256,354,256,358,366,366,366,330,256,256,256,311,511,511,459,256,256,256,311,511,511,511,511,459,256,256,256,256,256,256,256,256,256,256,256,256,256,256,256,256,256,256,0
0,256,256,256,256,256,256,256,256,256,256,256,256,256,256,256,256,311,511,511,511,511,511,511,511,491,256,256,256,375,459,256,256,311,495,494,366,366,382,383,511,511,479,457,256,256,256,375,511,511,511,511,511,511,511,511,511,495,458,256,256,311,511,511,495,510,383,495,510,383,511,511,511,479,457,256,311,511,511,511,511,511,511,495,494,382,367,510,383,511,511,511,491,256,256,256,311,511,479,457,256,256,256,309,447,511,511,511,459,256,256,256,256,256,256,256,256,256,256,256,256,256,256,256,256,256,256,0
0,256,256,256,256,256,256,256,256,256,256,256,256,256,256,256,256,311,511,511,511,511,511,511,511,495,494,366,382,383,459,256,256,311,511,511,511,511,511,511,511,511,507,256,256,294,382,383,511,511,511,511,511,511,511,511,511,511,459,256,256,311,511,511,511,511,511,511,511,511,511,511,511,507,256,256,311,511,511,511,511,511,511,511,511,511,511,511,511,511,511,511,495,458,256,256,311,511,507,256,256,256,256,256,503,511,511,511,459,256,256,256,256,256,256,256,256,256,256,256,256,256,256,256,256,256,256,0
0,256,256,256,256,256,256,256,256,256,256,256,256,256,256,256,256,311,511,511,511,511,511,511,511,511,511,511,511,511,491,256,256,311,511,511,511,511,511,511,511,511,463,456,256,311,511,511,511,511,511,511,511,511,511,511,511,511,459,256,256,311,511,511,511,511,511,511,511,511,511,511,511,463,456,256,311,511,511,511,511,511,511,511,511,511,511,511,511,511,511,511,511,459,256,256,311,511,495,494,366,366,366,382,383,511,511,479,457,256,256,256,256,256,256,256,256,256,256,256,256,256,256,256,256,256,256,0
0,256,256,256,256,256,256,256,256,256,256,256,256,256,256,256,256,311,511,511,511,511,511,511,511,511,511,511,511,511,495,458,256,311,511,511,479,509,447,511,511,511,475,256,256,311,511,511,511,511,511,511,511,511,511,511,511,511,491,256,256,311,511,511,511,479,509,415,509,447,511,511,511,475,256,256,311,511,511,511,511,511,511,511,511,511,511,511,511,511,511,511,511,459,256,256,311,511,511,511,511,511,511,511,511,511,511,507,256,256,256,256,256,256,256,256,256,256,256,256,256,256,256,256,256,256,256,0
0,256,256,256,256,256,256,256,256,256,256,256,256,256,256,256,256,311,511,511,511,511,511,511,511,511,511,511,511,511,479,457,256,311,511,511,475,256,439,511,511,511,491,256,256,375,511,511,511,511,511,511,511,511,511,511,511,511,495,458,256,311,511,511,511,507,256,499,256,503,511,511,511,491,256,256,375,511,511,511,511,511,511,511,511,511,511,511,511,511,511,511,511,459,256,256,311,511,511,511,511,511,511,511,511,511,511,495,458,256,256,256,256,256,256,256,256,256,256,256,256,256,256,256,256,256,256,0
0,256,256,256,256,256,256,256,256,256,256,256,256,256,256,256,256,311,511,511,511,511,511,511,511,511,511,511,511,511,475,256,256,311,511,511,459,256,311,511,511,511,495,494,382,383,511,511,511,511,511,511,511,511,511,511,511,511,511,459,256,311,511,511,511,495,510,367,510,383,511,511,511,495,494,382,383,511,511,511,511,511,511,511,511,511,511,511,511,511,511,511,479,457,256,256,311,511,511,511,511,511,511,511,511,511,511,511,459,256,256,256,256,256,256,256,256,256,256,256,256,256,256,256,256,256,256,0
0,256,256,256,256,256,256,256,256,256,256,256,256,256,256,256,256,311,511,511,511,511,511,511,511,511,511,511,511,511,459,256,256,311,511,511,491,256,375,511,511,511,479,477,445,447,511,511,511,511,511,511,511,511,511,511,511,511,511,459,256,311,511,511,511,511,511,511,511,511,511,511,511,479,477,445,447,511,511,511,511,511,511,511,511,511,511,511,511,511,479,477,409,256,256,256,311,511,511,511,479,509,447,511,511,511,511,511,459,256,256,256,256,256,256,256,256,256,256,256,256,256,256,256,256,256,256,0
0,256,256,256,256,256,256,256,256,256,256,256,256,256,256,256,256,311,511,511,511,511,511,511,511,511,511,511,479,477,393,256,256,311,511,511,495,510,383,511,511,511,507,256,256,405,413,413,413,445,447,511,511,479,477,413,413,413,413,393,256,311,511,511,511,511,511,511,511,511,511,511,511,475,256,256,405,413,413,413,413,413,413,445,447,511,511,479,477,413,409,256,256,256,256,256,311,511,511,511,507,256,503,511,511,511,511,511,459,256,256,256,256,256,256,256,256,256,256,256,256,256,256,256,256,256,256,0
0,256,256,256,256,256,256,256,256,256,256,256,256,256,256,256,256,311,511,511,511,511,511,511,511,511,511,479,473,256,256,256,256,311,511,511,511,511,511,511,511,511,495,490,256,256,256,256,256,256,439,511,511,507,256,256,256,256,256,256,256,375,511,511,511,479,509,415,509,447,511,511,511,491,256,256,256,256,256,256,256,256,256,256,503,511,511,475,256,256,256,256,256,256,256,256,375,511,511,511,495,510,383,511,511,511,511,479,457,256,256,256,256,256,256,256,256,256,256,256,256,256,256,256,256,256,256,0
0,256,256,256,256,256,256,256,256,256,256,256,256,256,256,256,256,311,511,511,511,511,511,511,511,511,479,473,256,256,256,256,256,375,511,511,511,511,511,511,511,511,511,495,490,256,358,362,256,256,311,511,511,495,458,256,294,362,256,358,382,383,511,511,511,507,256,499,256,503,511,511,511,495,494,362,256,358,366,366,362,256,256,374,383,511,511,491,256,256,358,366,362,256,256,374,383,511,511,511,511,511,511,511,511,511,511,507,256,256,256,256,256,256,256,256,256,256,256,256,256,256,256,256,256,256,256,0
0,256,256,256,256,256,256,256,256,256,256,256,256,256,256,256,256,311,511,511,511,511,511,479,477,413,409,256,256,256,294,366,382,383,511,511,511,511,511,511,511,511,511,511,495,510,383,495,458,256,311,511,511,511,459,256,311,495,510,383,511,511,511,511,511,495,510,367,510,383,511,511,511,511,511,495,510,383,511,511,495,494,382,383,511,511,511,495,494,382,383,511,495,494,382,383,511,511,511,511,511,511,511,511,511,511,511,495,458,256,256,256,256,256,256,256,256,256,256,256,256,256,256,256,256,256,256,0
0,256,256,256,256,256,256,256,256,256,256,256,256,256,256,256,256,311,511,511,511,511,511,475,256,256,256,256,256,256,311,511,511,511,511,511,511,511,511,511,511,511,511,511,511,511,511,511,459,256,311,511,511,511,459,256,311,511,511,511,511,511,511,511,511,511,511,511,511,511,511,511,511,511,511,511,511,511,511,511,511,511,511,511,511,511,511,511,511,511,511,511,511,511,511,511,511,511,511,511,511,511,511,511,511,511,511,511,459,256,256,256,256,256,256,256,256,256,256,256,256,256,256,256,256,256,256,0
0,256,256,256,256,256,256,256,256,256,256,256,256,256,256,256,256,311,511,511,511,511,511,459,256,256,256,256,256,256,375,511,511,511,511,511,511,511,511,511,511,511,511,511,511,511,511,511,459,256,311,511,511,511,459,256,311,511,511,511,511,511,511,511,511,511,511,511,511,511,511,511,511,511,511,511,511,511,511,511,511,511,511,511,511,511,511,511,511,511,511,511,511,511,511,511,511,511,511,511,511,511,511,511,511,511,511,511,459,256,256,256,256,256,256,256,256,256,256,256,256,256,256,256,256,256,256,0
0,256,256,256,256,256,256,256,256,256,256,256,256,256,256,256,256,311,511,511,511,511,511,491,256,256,256,256,256,374,383,511,511,511,511,511,479,509,447,511,511,511,479,477,413,445,447,479,457,256,311,511,511,479,457,256,311,511,511,511,511,511,511,511,511,479,509,415,509,447,511,511,511,511,511,511,511,511,511,511,511,511,511,511,511,511,511,511,511,511,511,511,511,511,511,511,511,511,511,511,479,509,447,511,511,511,511,511,459,256,256,256,256,256,256,256,256,256,256,256,256,256,256,256,256,256,256,0
0,256,256,256,256,256,256,256,256,256,256,256,256,256,256,256,256,311,511,511,511,511,511,495,490,256,256,358,382,383,511,511,511,511,511,511,475,256,439,511,511,511,475,256,256,256,439,507,256,256,311,511,511,507,256,256,375,511,511,511,511,511,511,511,511,507,256,499,256,503,511,511,479,509,447,479,509,447,479,509,447,479,509,447,511,511,511,511,479,509,447,479,509,447,479,509,447,511,511,511,507,256,503,511,511,511,511,479,457,256,256,256,256,256,256,256,256,256,256,256,256,256,256,256,256,256,256,0
0,256,256,256,256,256,256,256,256,256,256,256,256,256,256,256,256,311,511,511,511,511,511,511,495,494,382,383,511,511,511,511,511,511,511,511,459,256,311,511,511,511,491,256,256,256,375,495,458,256,311,511,511,495,494,382,383,511,511,511,511,511,511,511,511,495,510,367,510,383,511,511,507,256,503,507,256,503,507,256,503,507,256,503,511,511,511,511,507,256,503,507,256,503,507,256,503,511,511,511,495,510,383,511,511,511,511,507,256,256,256,256,256,256,256,256,256,256,256,256,256,256,256,256,256,256,256,0
0,256,256,256,256,256,256,256,256,256,256,256,256,256,256,256,256,311,511,511,511,511,511,511,479,477,445,447,511,511,511,511,511,511,511,511,491,256,375,511,511,511,495,494,366,382,383,511,459,256,311,511,511,479,477,445,447,511,511,511,511,511,511,511,511,511,511,511,511,511,511,511,495,510,383,495,510,383,495,510,383,495,510,383,511,511,511,511,495,510,383,495,510,383,495,510,383,511,511,511,511,511,511,511,511,511,511,495,458,256,256,256,256,256,256,256,256,256,256,256,256,256,256,256,256,256,256,0
0,256,256,256,256,256,256,256,256,256,256,256,256,256,256,256,256,311,511,511,511,511,511,511,475,256,256,405,413,413,445,447,511,511,511,511,495,510,383,511,511,511,511,511,511,511,511,511,459,256,311,511,511,507,256,256,405,413,413,413,445,447,511,511,511,511,511,511,511,511,511,511,511,511,511,511,511,511,511,511,511,511,511,511,511,511,511,511,511,511,511,511,511,511,511,511,511,511,511,511,511,511,511,511,511,511,511,511,459,256,256,256,256,256,256,256,256,256,256,256,256,256,256,256,256,256,256,0
0,256,256,256,256,256,256,256,256,256,256,256,256,256,256,256,256,311,511,511,511,511,511,511,491,256,256,256,256,256,256,437,447,511,511,511,511,511,511,511,511,511,511,511,511,511,511,511,459,256,311,511,511,495,490,256,256,256,256,256,256,439,511,511,511,511,511,511,511,511,511,511,511,511,511,511,511,511,511,511,511,511,511,511,511,511,511,511,511,511,511,511,511,511,511,511,511,511,511,511,511,511,511,511,511,511,511,511,459,256,256,256,256,256,256,256,256,256,256,256,256,256,256,256,256,256,256,0
0,256,256,256,256,256,256,256,256,256,256,256,256,256,256,256,256,311,511,511,511,511,511,511,495,458,256,294,334,328,256,256,439,511,511,511,479,509,447,511,511,511,511,511,511,511,511,511,459,256,311,511,511,511,495,458,256,256,256,256,256,277,413,413,413,413,413,413,413,413,413,413,413,413,413,413,413,413,413,413,413,413,445,447,511,511,479,477,413,413,413,413,413,413,445,447,511,511,511,511,511,511,511,511,511,511,511,511,459,256,256,256,256,256,256,256,256,256,256,256,256,256,256,256,256,256,256,0
0,256,256,256,256,256,256,256,256,256,256,256,256,256,256,256,256,311,511,511,511,511,511,511,511,459,256,311,507,256,256,256,311,511,511,511,507,256,503,511,511,479,477,413,413,413,413,413,393,256,277,413,413,413,413,393,256,256,256,256,256,256,256,256,256,256,256,256,256,256,256,256,256,256,256,256,256,256,256,256,256,256,256,503,511,511,475,256,256,256,256,256,256,256,256,439,511,511,511,511,479,509,447,511,511,511,511,479,457,256,256,256,256,256,256,256,256,256,256,256,256,256,256,256,256,256,256,0
0,256,256,256,256,256,256,256,256,256,256,256,256,256,256,256,256,277,413,445,447,479,477,413,413,393,256,311,495,494,330,256,311,511,511,511,495,510,383,511,511,475,256,256,256,256,256,256,256,256,256,256,256,256,256,256,256,358,330,256,256,294,366,366,362,256,358,362,256,326,328,256,256,256,294,366,362,256,256,256,256,256,374,383,511,511,491,256,256,256,256,256,256,256,256,311,511,511,511,511,507,256,503,511,511,511,511,507,256,256,256,256,256,256,256,256,256,256,256,256,256,256,256,256,256,256,256,0
0,256,256,256,256,256,256,256,256,256,256,256,256,256,256,256,256,256,256,256,503,507,256,256,256,256,256,375,511,479,457,256,311,511,511,511,511,511,511,511,511,491,256,256,256,256,256,256,294,366,362,256,256,256,358,366,382,383,491,256,256,311,511,511,495,510,383,495,510,379,256,322,256,256,311,511,495,494,366,366,366,382,383,511,511,511,495,494,366,362,256,256,256,256,256,311,511,511,511,511,495,510,383,511,511,511,511,495,458,256,256,256,256,256,256,256,256,256,256,256,256,256,256,256,256,256,256,0
0,256,256,256,256,256,256,256,256,256,256,256,256,256,256,256,256,290,256,374,383,495,494,362,256,256,374,383,511,507,256,256,311,511,511,511,479,509,447,511,511,495,494,330,256,256,256,256,375,511,495,494,366,382,383,511,511,511,495,458,256,311,511,511,511,511,511,511,511,495,510,331,256,256,311,511,511,511,511,511,511,511,511,511,511,511,511,511,511,495,494,330,256,256,256,311,511,511,511,511,511,511,511,511,511,511,511,479,457,256,256,256,256,256,256,256,256,256,256,256,256,256,256,256,256,256,256,0
0,256,256,256,256,256,256,256,256,256,256,256,256,256,256,256,256,295,510,383,511,511,511,495,494,382,383,511,511,495,458,256,311,511,511,511,475,256,439,511,511,511,511,459,256,294,366,382,383,511,511,511,511,511,511,511,511,511,479,457,256,311,511,511,511,511,511,511,511,511,511,459,256,256,311,511,511,511,511,511,511,511,511,511,511,479,477,413,413,445,447,459,256,256,256,311,511,511,511,511,511,511,511,511,511,511,511,507,256,256,256,256,256,256,256,256,256,256,256,256,256,256,256,256,256,256,256,0
0,256,256,256,256,256,256,256,256,256,256,256,256,256,256,256,256,311,511,511,511,511,511,511,511,479,509,447,511,511,459,256,311,511,511,511,459,256,311,511,511,511,479,457,256,311,511,511,511,511,511,511,511,511,511,511,511,511,507,256,256,375,511,511,511,511,511,511,511,511,511,459,256,256,311,511,511,511,511,511,511,511,511,511,479,473,256,256,256,256,439,459,256,256,256,311,511,511,511,511,511,511,511,511,511,511,511,495,458,256,256,256,256,256,256,256,256,256,256,256,256,256,256,256,256,256,256,0
0,256,256,256,256,256,256,256,256,256,256,256,256,256,256,256,256,311,511,511,511,511,511,511,479,473,256,437,447,479,457,256,311,511,511,511,491,256,375,511,511,511,507,256,256,311,511,511,511,511,511,511,511,511,511,511,511,511,495,494,382,383,511,511,511,511,511,511,511,511,511,459,256,256,311,511,511,511,511,511,511,511,511,511,507,256,256,256,256,256,279,457,256,256,256,311,511,511,511,511,511,511,511,511,511,511,511,479,457,256,256,256,256,256,256,256,256,256,256,256,256,256,256,256,256,256,256,0
0,256,256,256,256,256,256,256,256,256,256,256,256,256,256,256,256,311,511,511,511,511,511,511,507,256,256,256,437,411,256,256,311,511,511,511,495,510,383,511,511,511,463,456,256,311,511,511,511,511,511,511,511,511,511,511,511,511,479,477,445,447,511,511,511,511,511,511,511,511,511,459,256,256,311,511,511,511,511,511,511,511,511,511,495,462,328,256,256,256,339,256,256,256,256,311,511,511,511,511,479,509,447,511,511,511,511,507,256,256,256,256,256,256,256,256,256,256,256,256,256,256,256,256,256,256,256,0
0,256,256,256,256,256,256,256,256,256,256,256,256,256,256,256,256,311,511,511,511,511,511,511,463,456,256,256,256,451,256,256,311,511,511,511,511,511,511,511,511,511,507,256,256,311,511,511,511,511,511,511,511,511,511,511,511,511,475,256,256,405,413,413,413,445,447,511,511,479,477,393,256,256,277,413,413,413,413,413,413,413,445,447,511,507,256,256,256,374,331,256,256,256,256,311,511,511,511,511,507,256,503,511,511,511,511,495,458,256,256,256,256,256,256,256,256,256,256,256,256,256,256,256,256,256,256,0
0,256,256,256,256,256,256,256,256,256,256,256,256,256,256,256,256,311,511,511,511,511,511,511,507,256,256,358,382,331,256,256,311,511,511,511,511,511,511,511,511,511,495,458,256,311,511,511,511,511,511,511,511,511,511,511,511,511,459,256,256,256,256,256,256,256,503,511,511,475,256,256,256,256,256,256,256,256,256,256,256,256,256,503,511,495,494,366,382,383,491,256,256,256,256,311,511,511,511,511,495,510,383,511,511,511,511,511,459,256,256,256,256,256,256,256,256,256,256,256,256,256,256,256,256,256,256,0
0,256,256,256,256,256,256,256,256,256,256,256,256,256,256,256,256,311,511,511,511,511,511,511,495,494,382,383,511,459,256,256,311,511,511,511,511,511,511,511,511,511,511,459,256,311,511,511,511,511,511,511,511,511,511,511,511,511,491,256,256,294,366,362,256,374,383,511,511,491,256,256,256,256,256,256,256,256,256,256,358,366,382,383,511,479,477,413,445,447,495,458,256,256,256,311,511,511,511,511,511,511,511,511,511,511,511,511,459,256,256,256,256,256,256,256,256,256,256,256,256,256,256,256,256,256,256,0
0,256,256,256,256,256,256,256,256,256,256,256,256,256,256,256,256,311,511,511,511,511,511,511,511,511,511,511,511,459,256,256,311,511,511,511,511,511,511,511,511,511,511,459,256,311,511,511,511,511,511,511,511,511,511,511,511,511,495,458,256,311,511,495,510,383,511,511,511,495,458,256,256,256,294,366,366,366,366,382,383,511,511,511,511,475,256,256,256,439,511,491,256,256,256,311,511,511,511,511,511,511,511,511,511,511,511,511,459,256,256,256,256,256,256,256,256,256,256,256,256,256,256,256,256,256,256,0
0,256,256,256,256,256,256,256,256,256,256,256,256,256,256,256,256,311,511,511,511,511,511,511,511,511,511,511,511,459,256,256,277,413,413,413,413,413,413,413,413,413,413,393,256,311,511,511,511,511,511,511,511,511,511,511,511,511,511,459,256,311,511,511,511,511,511,479,509,447,459,256,256,256,311,511,511,511,511,511,511,511,511,511,511,491,256,256,256,375,511,495,458,256,256,311,511,511,511,511,511,511,511,511,511,511,511,511,459,256,256,256,256,256,256,256,256,256,256,256,256,256,256,256,256,256,256,0
0,256,256,256,256,256,256,256,256,256,256,256,256,256,256,256,256,311,511,511,511,511,511,511,511,511,511,511,511,459,256,256,256,256,256,256,256,256,256,256,256,256,256,256,256,311,511,511,511,511,511,511,511,511,511,511,511,511,511,459,256,311,511,507,503,511,511,507,256,503,459,256,256,256,311,511,511,511,511,511,511,511,511,511,511,495,494,366,382,383,511,511,459,256,256,311,511,511,511,511,511,511,511,511,511,511,511,511,459,256,256,256,256,256,256,256,256,256,256,256,256,256,256,256,256,256,256,0
0,256,256,256,256,256,256,256,256,256,256,256,256,256,256,256,256,311,511,511,511,511,511,511,511,511,511,511,511,459,256,256,256,256,262,328,256,256,256,262,328,256,256,256,256,311,511,511,511,511,511,511,511,511,511,511,511,511,511,459,256,311,511,511,511,511,511,495,510,383,459,256,256,256,311,511,511,511,511,511,511,511,511,511,511,511,511,511,511,511,511,511,459,256,256,311,511,511,511,511,479,509,447,511,511,511,511,511,459,256,256,256,256,256,256,256,256,256,256,256,256,256,256,256,256,256,256,0
0,256,256,256,256,256,256,256,256,256,256,256,256,256,256,256,256,277,413,413,413,413,445,447,479,477,413,413,413,393,256,256,256,256,371,256,256,256,256,371,256,358,362,256,256,277,413,413,413,413,445,447,479,477,413,413,413,413,413,393,256,311,511,479,509,447,511,479,509,447,459,256,256,256,375,511,511,511,511,511,511,511,511,511,511,511,511,511,511,511,511,511,459,256,256,311,511,511,511,511,507,256,503,511,511,511,511,511,459,256,256,256,256,256,256,256,256,256,256,256,256,256,256,256,256,256,256,0
0,256,256,256,256,256,256,256,256,256,256,256,256,256,256,256,256,256,256,256,256,256,256,503,475,256,256,256,256,256,256,256,358,382,367,494,366,366,382,367,510,383,495,490,256,256,256,256,256,256,256,439,475,256,256,256,256,256,256,256,256,375,511,507,256,503,511,507,256,503,459,256,256,310,383,511,511,511,511,511,511,511,511,511,511,511,511,511,511,511,511,511,459,256,256,311,511,511,511,511,495,510,383,511,511,511,511,511,459,256,256,256,256,256,256,256,256,256,256,256,256,256,256,256,256,256,256,0
0,256,256,256,256,256,256,256,256,256,256,256,256,256,256,256,256,256,358,366,362,256,374,383,459,256,294,362,256,256,256,374,383,511,511,511,511,511,511,511,511,511,511,495,490,256,256,358,362,256,256,375,491,256,256,256,256,290,256,256,374,383,511,495,510,383,511,495,510,383,491,256,256,277,413,413,413,413,413,413,413,445,447,479,477,413,413,413,413,413,413,413,393,256,256,311,511,511,511,511,511,511,511,511,479,477,413,413,393,256,256,256,256,256,256,256,256,256,256,256,256,256,256,256,256,256,256,0
0,256,256,256,256,256,256,256,256,256,256,256,256,256,256,256,256,310,383,511,495,510,383,511,491,256,375,495,494,366,382,383,511,511,511,511,511,511,511,511,511,511,511,511,495,494,382,383,495,494,382,383,495,494,362,256,256,295,494,382,383,511,511,479,509,447,511,479,509,447,495,490,256,256,256,256,256,256,256,256,256,256,439,475,256,256,256,256,256,256,256,256,256,256,256,375,511,511,511,511,511,511,511,511,475,256,256,256,256,256,256,256,256,256,256,256,256,256,256,256,256,256,256,256,256,256,256,0
0,256,256,256,256,256,256,256,256,256,256,256,256,256,256,256,256,311,511,511,511,511,511,511,495,510,383,511,511,511,511,511,511,511,511,511,511,511,511,511,511,511,511,511,511,511,511,511,511,511,511,511,511,511,495,458,256,311,511,511,511,511,511,507,256,503,511,507,256,503,511,495,490,256,256,256,290,256,358,366,362,256,375,491,256,358,366,362,256,256,256,256,256,358,382,383,511,511,511,511,511,511,511,511,459,256,256,256,256,256,256,256,256,256,256,256,256,256,256,256,256,256,256,256,256,256,256,0
0,256,256,256,256,256,256,256,256,256,256,256,256,256,256,256,256,311,511,511,511,511,511,511,511,511,511,511,511,511,511,511,511,511,511,511,511,511,511,511,511,511,511,511,511,511,511,511,511,511,511,511,511,511,511,459,256,311,511,511,511,511,511,495,510,383,511,495,510,383,511,511,495,458,256,256,295,510,383,511,495,510,383,495,510,383,511,495,490,256,256,294,382,383,511,511,511,511,511,511,511,511,511,511,459,256,256,256,256,256,256,256,256,256,256,256,256,256,256,256,256,256,256,256,256,256,256,0
0,256,256,256,256,256,256,256,256,256,256,256,256,256,256,256,256,311,511,511,511,511,511,511,511,511,511,511,511,511,511,511,511,511,511,511,511,511,511,511,511,511,511,511,511,511,511,511,511,511,511,511,511,511,511,459,256,311,511,511,511,511,511,511,511,511,511,511,511,511,511,511,511,491,256,256,311,511,511,511,511,511,511,511,511,511,511,511,495,458,256,311,511,511,511,511,511,511,511,511,511,511,511,479,457,256,256,256,256,256,256,256,256,256,256,256,256,256,256,256,256,256,256,256,256,256,256,0
0,256,256,256,256,256,256,256,256,256,256,256,256,256,256,256,256,311,511,511,511,511,511,511,511,511,511,511,511,511,511,511,511,511,511,511,511,511,511,511,511,511,511,511,511,511,511,511,511,511,511,511,511,511,511,459,256,311,511,511,511,511,511,511,511,511,511,511,511,511,511,511,511,495,458,256,311,511,511,511,511,511,511,511,511,511,511,511,511,459,256,311,511,511,511,511,511,511,511,511,511,511,511,507,256,256,256,256,256,256,256,256,256,256,256,256,256,256,256,256,256,256,256,256,256,256,256,0
0,256,256,256,256,256,256,256,256,256,256,256,256,256,256,256,256,311,511,511,511,511,511,511,511,511,511,511,511,511,511,511,511,511,511,511,511,511,511,511,511,511,511,511,511,511,511,511,511,511,511,511,511,511,511,459,256,311,511,511,511,511,511,511,511,511,511,511,511,511,511,511,511,511,459,256,311,511,511,511,511,511,511,511,511,511,511,511,511,459,256,311,511,511,511,511,511,511,511,511,511,511,511,495,458,256,256,256,256,256,256,256,256,256,256,256,256,256,256,256,256,256,256,256,256,256,256,0
0,256,256,256,256,256,256,256,256,256,256,256,256,256,256,256,256,311,511,511,511,511,511,511,511,511,511,511,511,511,511,511,511,511,511,511,511,511,511,511,511,511,511,511,511,511,511,511,511,511,511,511,511,511,511,459,256,311,511,511,511,511,511,511,511,511,511,511,511,511,511,511,511,479,457,256,311,511,511,511,511,511,511,511,511,511,511,511,511,459,256,311,511,511,511,511,511,511,511,511,511,511,511,511,459,256,256,256,256,256,256,256,256,256,256,256,256,256,256,256,256,256,256,256,256,256,256,0
0,256,256,256,256,256,256,256,256,256,256,256,256,256,256,256,256,277,413,413,413,413,413,413,413,413,413,413,413,413,413,413,413,445,447,511,511,511,511,511,511,511,479,477,413,413,413,413,413,413,413,413,413,413,413,393,256,277,413,445,447,511,511,511,511,511,511,511,511,511,511,511,511,507,256,256,311,511,511,511,511,511,511,511,511,511,511,511,511,459,256,311,511,511,511,511,511,511,511,511,511,511,511,511,459,256,256,256,256,256,256,256,256,256,256,256,256,256,256,256,256,256,256,256,256,256,256,0
0,256,256,256,256,256,256,256,256,256,256,256,256,256,256,256,256,256,256,256,256,256,256,256,256,256,256,256,256,256,256,256,256,256,439,511,511,511,511,511,511,511,475,256,256,256,256,256,256,256,256,256,256,256,256,256,256,256,256,256,437,447,511,511,511,511,511,511,511,511,511,479,477,397,392,256,277,413,413,413,413,445,447,511,511,511,479,477,413,393,256,277,413,413,445,447,511,511,511,511,511,511,511,511,459,256,256,256,256,256,256,256,256,256,256,256,256,256,256,256,256,256,256,256,256,256,256,0
0,256,256,256,256,256,256,256,256,256,256,256,256,256,256,256,256,256,256,256,256,256,256,256,256,256,256,256,256,256,256,256,256,256,311,511,511,511,511,511,511,511,459,256,256,256,256,256,256,256,256,256,256,256,256,256,256,256,256,256,256,439,511,511,511,511,511,511,479,509,447,475,256,256,256,256,256,256,256,256,256,256,439,511,511,511,475,256,256,256,256,256,256,256,256,439,511,511,511,511,511,511,511,511,459,256,256,256,256,256,256,256,256,256,256,256,256,256,256,256,256,256,256,256,256,256,256,0
0,256,256,256,256,256,256,256,256,256,256,256,256,256,256,256,256,256,256,358,334,328,256,256,256,294,366,366,330,256,256,256,256,256,311,511,511,511,511,511,511,511,459,256,256,294,366,366,366,366,366,366,366,366,366,366,366,366,330,256,256,311,511,511,511,511,511,511,507,256,503,459,256,256,256,256,256,256,256,256,354,256,375,511,511,511,491,256,256,256,256,256,256,256,256,311,511,511,511,511,511,511,511,479,457,256,256,256,256,256,256,256,256,256,256,256,256,256,256,256,256,256,256,256,256,256,256,0
0,256,256,256,256,256,256,256,256,256,256,256,256,256,256,256,256,256,374,383,475,256,256,256,256,311,511,479,457,256,256,256,256,256,311,511,511,511,511,511,511,511,459,256,256,311,511,479,509,447,511,511,511,479,509,447,511,511,459,256,256,311,511,511,511,511,511,511,495,510,383,459,256,256,294,366,366,366,366,382,367,510,383,511,511,511,495,494,366,366,366,366,362,256,256,311,511,511,511,511,511,511,511,507,256,256,256,256,256,256,256,256,256,256,256,256,256,256,256,256,256,256,256,256,256,256,256,0
0,256,256,256,256,256,256,256,256,256,256,256,256,256,256,256,256,310,383,511,491,256,256,256,256,375,511,507,256,256,256,256,256,256,277,413,413,445,447,479,477,413,393,256,256,311,511,475,256,439,511,511,511,475,256,439,511,511,459,256,256,311,511,511,511,511,511,511,479,509,447,459,256,256,311,511,511,511,511,479,477,445,447,511,511,511,479,477,445,447,511,511,495,458,256,311,511,511,511,511,511,511,511,495,458,256,256,256,256,256,256,256,256,256,256,256,256,256,256,256,256,256,256,256,256,256,256,0
0,256,256,256,256,256,256,256,256,256,256,256,256,256,256,256,256,311,511,511,495,490,256,358,382,383,511,495,490,256,256,354,256,256,256,256,256,256,439,475,256,256,256,256,256,375,511,459,256,311,511,511,511,459,256,311,511,511,459,256,256,311,511,511,511,511,511,511,507,256,503,459,256,256,311,511,511,511,511,475,256,256,439,511,511,511,475,256,256,439,511,511,511,459,256,311,511,511,511,511,511,511,511,511,459,256,256,256,256,256,256,256,256,256,256,256,256,256,256,256,256,256,256,256,256,256,256,0
0,256,256,256,256,256,256,256,256,256,256,256,256,256,256,256,256,311,511,511,511,495,510,383,511,511,511,511,495,494,382,367,494,362,256,256,256,256,375,491,256,256,256,358,382,383,511,491,256,375,511,511,511,491,256,375,511,511,459,256,256,311,511,511,511,511,511,511,495,510,383,459,256,256,311,511,511,511,511,459,256,256,311,511,511,511,459,256,256,311,511,511,511,459,256,311,511,511,511,511,511,511,511,511,459,256,256,256,256,256,256,256,256,256,256,256,256,256,256,256,256,256,256,256,256,256,256,0
0,256,256,256,256,256,256,256,256,256,256,256,256,256,256,256,256,311,511,511,511,511,511,511,511,511,479,477,413,445,447,511,511,495,494,366,366,382,383,495,494,366,382,383,511,511,511,495,510,383,511,511,511,495,510,383,511,511,459,256,256,311,511,511,511,511,511,511,479,509,447,459,256,256,311,511,511,511,511,459,256,256,311,511,511,511,459,256,256,311,511,511,479,457,256,311,511,511,511,511,511,511,511,511,459,256,256,256,256,256,256,256,256,256,256,256,256,256,256,256,256,256,256,256,256,256,256,0
0,256,256,256,256,256,256,256,256,256,256,256,256,256,256,256,256,311,511,511,511,511,511,511,479,477,409,256,256,256,439,511,511,511,511,511,511,511,511,511,511,511,511,511,511,511,511,511,511,511,511,511,511,511,511,511,511,511,459,256,256,311,511,511,511,511,511,511,507,256,503,459,256,256,311,511,511,511,511,459,256,256,311,511,511,511,459,256,256,311,511,511,507,256,256,311,511,511,511,511,511,511,511,511,459,256,256,256,256,256,256,256,256,256,256,256,256,256,256,256,256,256,256,256,256,256,256,0
0,256,256,256,256,256,256,256,256,256,256,256,256,256,256,256,256,309,447,511,511,511,511,511,507,256,256,256,256,256,311,511,511,511,511,511,511,511,511,511,511,511,511,511,511,511,511,479,509,447,511,511,511,479,509,447,511,511,459,256,256,311,511,511,511,511,511,511,495,510,383,459,256,256,311,511,511,511,511,459,256,256,311,511,511,511,459,256,256,311,511,511,495,458,256,311,511,511,511,511,511,511,511,511,459,256,256,256,256,256,256,256,256,256,256,256,256,256,256,256,256,256,256,256,256,256,256,0
0,256,256,256,256,256,256,256,256,256,256,256,256,256,256,256,256,256,437,447,511,511,511,511,495,490,256,256,256,256,311,511,511,511,511,511,511,511,511,511,511,511,511,511,511,511,511,475,256,439,511,511,511,475,256,439,511,511,459,256,256,311,511,511,511,511,511,511,511,511,511,491,256,256,311,511,511,511,511,459,256,256,311,511,511,511,459,256,256,311,511,511,479,457,256,311,511,511,511,511,511,511,511,479,457,256,256,256,256,256,256,256,256,256,256,256,256,256,256,256,256,256,256,256,256,256,256,0
0,256,256,256,256,256,256,256,256,256,256,256,256,256,256,256,256,256,256,405,445,447,511,511,511,495,490,256,256,256,375,511,511,511,511,511,511,511,511,511,511,511,511,511,511,511,511,459,256,311,511,511,511,459,256,311,511,511,459,256,256,311,511,511,511,511,511,511,511,511,511,495,458,256,311,511,511,511,511,459,256,256,311,511,511,511,459,256,256,311,511,511,507,256,256,311,511,511,511,511,511,511,511,507,256,256,256,256,256,256,256,256,256,256,256,256,256,256,256,256,256,256,256,256,256,256,256,0
0,256,256,256,256,256,256,256,256,256,256,256,256,256,256,256,256,256,256,256,256,439,511,511,511,511,495,494,366,382,383,511,511,479,477,413,413,445,447,479,477,413,413,413,445,447,511,459,256,311,511,511,511,459,256,311,511,511,459,256,256,311,511,511,511,511,511,511,511,511,511,511,459,256,311,511,511,511,511,459,256,256,311,511,511,511,459,256,256,311,511,511,495,458,256,311,511,511,511,511,511,511,511,495,458,256,256,256,256,256,256,256,256,256,256,256,256,256,256,256,256,256,256,256,256,256,256,0
0,256,256,256,256,256,256,256,256,256,256,256,256,256,256,256,256,256,256,256,256,311,511,511,511,511,511,511,511,511,511,511,511,475,256,256,256,256,439,475,256,256,256,256,256,439,511,491,256,375,511,511,511,459,256,311,511,511,459,256,256,277,413,413,413,413,413,413,413,413,413,413,393,256,311,511,511,511,511,459,256,256,311,511,511,511,459,256,256,311,511,511,511,459,256,311,511,511,511,511,511,511,511,511,459,256,256,256,256,256,256,256,256,256,256,256,256,256,256,256,256,256,256,256,256,256,256,0
0,256,256,256,256,256,256,256,256,256,256,256,256,256,256,256,256,256,256,256,256,375,511,511,511,511,511,511,511,511,511,511,511,459,256,290,256,256,375,491,256,256,322,256,256,311,511,495,510,383,511,511,511,491,256,375,511,511,459,256,256,256,256,256,256,256,256,256,256,256,256,256,256,256,277,445,447,511,511,491,256,256,375,511,511,511,491,256,256,375,511,511,511,459,256,311,511,511,511,511,511,511,511,511,459,256,256,256,256,256,256,256,256,256,256,256,256,256,256,256,256,256,256,256,256,256,256,0
0,256,256,256,256,256,256,256,256,256,256,256,256,256,256,256,256,256,256,256,310,383,511,511,511,511,511,511,511,511,511,511,511,459,256,295,494,382,383,495,494,382,331,256,256,309,447,511,511,511,511,511,511,495,510,383,511,511,459,256,256,262,364,298,256,256,256,290,256,256,256,256,322,256,256,256,503,511,511,495,494,382,383,511,511,511,495,494,382,383,479,477,413,393,256,311,511,511,511,511,511,511,511,511,459,256,256,256,256,256,256,256,256,256,256,256,256,256,256,256,256,256,256,256,256,256,256,0
0,256,256,256,256,256,256,256,256,256,256,256,256,256,256,256,256,256,256,256,277,413,413,413,413,413,413,413,413,413,413,413,413,393,256,311,511,511,511,511,511,511,459,256,256,256,439,511,511,511,511,511,511,511,511,511,511,511,459,256,256,307,256,487,490,256,256,359,490,256,358,350,329,256,256,310,383,511,511,511,511,511,511,511,511,511,511,511,511,511,475,256,256,256,256,311,511,511,511,511,511,511,511,511,459,256,256,256,256,256,256,256,256,256,256,256,256,256,256,256,256,256,256,256,256,256,256,0
0,256,256,256,256,256,256,256,256,256,256,256,256,256,256,256,256,256,256,256,256,256,256,256,256,256,256,256,256,256,256,256,256,256,256,375,511,511,511,511,511,511,491,256,256,256,277,413,413,445,447,511,479,477,413,413,413,413,393,256,256,295,510,383,495,494,382,383,495,510,383,475,256,256,256,277,413,413,413,413,413,413,413,413,413,413,413,413,413,413,393,256,256,256,256,309,447,511,511,511,479,477,413,413,393,256,256,256,256,256,256,256,256,256,256,256,256,256,256,256,256,256,256,256,256,256,256,0
0,256,256,256,256,256,256,256,256,256,256,256,256,256,256,256,256,294,366,366,366,366,366,362,256,358,366,366,366,362,256,358,362,256,374,383,511,511,511,511,511,511,495,458,256,256,256,256,256,256,503,511,475,256,256,256,256,256,256,256,256,375,511,511,511,511,511,511,511,511,511,491,256,256,256,256,256,256,256,256,256,256,256,256,256,256,256,256,256,256,256,256,256,256,256,256,439,511,511,511,475,256,256,256,256,256,354,256,322,256,256,256,256,256,256,256,256,256,256,256,256,256,256,256,256,256,256,0
0,256,256,256,256,256,256,256,256,256,256,256,256,256,256,256,256,311,511,511,511,511,511,495,510,383,511,511,511,495,510,383,495,510,383,511,511,511,479,477,413,413,413,393,256,294,366,362,256,374,383,511,491,256,256,354,256,256,256,358,382,383,511,511,511,511,511,511,511,511,511,495,490,256,256,326,328,256,290,256,256,358,366,362,256,256,354,256,256,354,256,256,256,354,256,256,375,511,511,511,491,256,256,354,256,374,367,510,331,256,256,256,256,256,256,256,256,256,256,256,256,256,256,256,256,256,256,0
0,256,256,256,256,256,256,256,256,256,256,256,256,256,256,256,256,311,511,511,511,511,511,511,511,511,511,511,511,511,511,511,511,511,511,511,511,511,475,256,256,256,256,256,256,311,511,495,510,383,511,511,495,494,382,367,494,366,382,383,511,511,511,511,511,511,511,511,511,511,511,511,495,494,382,379,256,256,295,494,382,383,511,495,494,382,367,494,382,367,494,366,382,367,494,382,383,511,511,511,495,494,382,367,510,383,511,511,459,256,256,256,256,256,256,256,256,256,256,256,256,256,256,256,256,256,256,0
0,256,256,256,256,256,256,256,256,256,256,256,256,256,256,256,256,311,511,511,511,511,511,511,511,511,511,511,511,511,511,511,511,511,511,511,511,511,459,256,256,256,256,256,256,375,511,511,511,511,511,511,511,511,511,511,511,511,511,511,511,511,511,511,511,511,511,511,511,511,511,511,511,511,511,495,458,256,311,511,511,511,511,511,511,511,511,511,511,511,511,511,511,511,511,511,511,511,511,511,511,511,511,511,511,511,511,479,457,256,256,256,256,256,256,256,256,256,256,256,256,256,256,256,256,256,256,0
0,256,256,256,256,256,256,256,256,256,256,256,256,256,256,256,256,311,511,511,511,511,511,511,511,511,511,511,511,511,511,511,511,511,511,511,511,511,491,256,256,256,256,256,374,383,511,511,511,511,511,511,511,511,511,511,511,511,511,511,511,511,511,511,511,511,511,511,511,511,511,511,511,511,511,479,457,256,311,511,511,511,511,511,511,511,511,511,511,511,511,511,511,511,511,511,511,511,511,511,511,511,511,511,511,511,479,473,256,256,256,256,256,256,256,256,256,256,256,256,256,256,256,256,256,256,256,0
0,256,256,256,256,256,256,256,256,256,256,256,256,256,256,256,256,311,511,511,511,511,511,511,511,511,511,511,511,511,511,511,511,511,511,511,511,511,495,458,256,294,366,382,383,511,511,511,511,511,511,511,511,511,511,511,511,511,511,511,511,511,511,511,511,511,511,511,511,511,511,511,511,511,511,507,256,256,311,511,511,511,511,511,511,511,511,511,511,511,511,511,511,511,511,511,511,511,511,511,511,511,511,511,511,511,507,256,322,256,256,256,256,256,256,256,256,256,256,256,256,256,256,256,256,256,256,0
0,256,256,256,256,256,256,256,256,256,256,256,256,256,256,256,256,311,511,511,511,511,511,511,511,511,511,511,511,511,511,511,511,511,511,511,511,511,511,459,256,311,511,511,511,511,511,511,511,511,511,511,511,511,511,511,511,511,511,511,511,511,511,511,511,511,511,511,511,511,511,511,511,511,511,495,458,256,311,511,511,511,511,511,511,511,511,511,511,511,511,511,511,511,511,511,511,511,511,511,511,511,511,511,511,511,495,510,331,256,256,256,256,256,256,256,256,256,256,256,256,256,256,256,256,256,256,0
0,256,256,256,256,256,256,256,256,256,256,256,256,256,256,256,256,311,511,511,511,511,511,511,511,511,511,511,511,511,511,511,511,511,511,511,511,511,511,459,256,311,511,511,511,511,511,511,511,511,511,511,511,511,511,511,511,511,511,511,511,511,511,511,511,511,511,511,511,511,511,511,511,511,511,479,457,256,311,511,511,511,511,511,511,511,511,511,511,511,511,511,511,511,511,511,511,511,511,511,511,511,511,511,511,511,511,511,459,256,256,256,256,256,256,256,256,256,256,256,256,256,256,256,256,256,256,0
0,256,256,256,256,256,256,256,256,256,256,256,256,256,256,256,256,311,511,511,511,511,511,511,511,511,511,511,511,511,511,511,511,511,511,511,511,511,511,459,256,311,511,511,511,511,511,511,511,511,511,511,511,511,511,511,511,511,511,511,511,511,511,511,511,511,511,511,511,511,511,511,511,511,511,507,256,256,311,511,511,511,511,511,511,511,511,511,511,511,511,511,511,511,511,511,511,511,511,511,479,509,447,511,511,511,511,479,457,256,256,256,256,256,256,256,256,256,256,256,256,256,256,256,256,256,256,0
0,256,256,256,256,256,256,256,256,256,256,256,256,256,256,256,256,311,511,511,511,511,511,511,511,511,511,511,511,511,511,511,511,511,511,511,511,511,511,459,256,311,511,511,511,511,511,511,511,511,511,511,511,511,511,511,511,511,511,511,511,511,511,511,511,511,511,511,511,511,511,511,511,511,511,495,458,256,311,511,511,511,511,511,511,511,511,511,511,511,511,511,511,511,511,511,511,511,511,511,475,256,439,511,511,511,479,473,256,256,256,256,256,256,256,256,256,256,256,256,256,256,256,256,256,256,256,0
0,256,256,256,256,256,256,256,256,256,256,256,256,256,256,256,256,311,511,511,511,511,511,479,509,447,511,511,511,511,511,511,511,511,479,509,447,511,511,459,256,311,511,511,511,511,511,511,511,511,511,511,511,511,511,511,511,511,511,511,511,511,511,511,511,511,511,511,511,511,511,511,511,511,511,511,459,256,311,511,511,511,511,511,511,511,511,511,511,511,511,511,511,511,511,511,511,511,511,511,491,256,375,511,511,511,507,256,322,256,256,256,256,256,256,256,256,256,256,256,256,256,256,256,256,256,256,0
0,256,256,256,256,256,256,256,256,256,256,256,256,256,256,256,256,311,511,511,511,511,511,475,256,439,511,511,511,479,509,447,511,511,475,256,439,511,479,457,256,277,413,413,413,413,413,445,447,511,511,479,477,413,413,413,413,413,413,413,413,413,445,447,511,511,511,511,511,479,477,413,413,413,413,413,393,256,277,413,413,445,447,479,477,413,413,413,413,413,413,413,413,413,445,447,511,511,511,511,495,510,383,511,511,511,495,510,331,256,256,256,256,256,256,256,256,256,256,256,256,256,256,256,256,256,256,0
0,256,256,256,256,256,256,256,256,256,256,256,256,256,256,256,256,311,511,511,511,511,511,491,256,375,511,511,511,507,256,503,511,511,491,256,375,511,475,256,256,256,256,256,256,256,256,256,503,511,511,475,256,256,256,256,256,256,256,256,256,256,256,503,511,511,511,511,511,475,256,256,256,256,256,256,256,256,256,256,256,256,439,475,256,256,256,256,256,256,256,256,256,256,256,439,511,511,511,511,511,511,511,511,511,511,511,511,459,256,256,256,256,256,256,256,256,256,256,256,256,256,256,256,256,256,256,0
0,256,256,256,256,256,256,256,256,256,256,256,256,256,256,256,256,311,511,511,511,511,511,495,510,383,511,511,511,495,510,383,511,511,495,510,383,511,491,256,358,362,256,322,256,294,366,382,383,511,511,491,256,256,256,256,256,256,256,256,256,256,310,383,511,511,511,511,511,491,256,358,330,256,256,256,256,256,256,256,256,256,375,459,256,256,256,256,256,256,256,256,256,256,256,311,511,511,511,511,511,511,511,511,511,511,511,479,457,256,256,256,256,256,256,256,256,256,256,256,256,256,256,256,256,256,256,0
0,256,256,256,256,256,256,256,256,256,256,256,256,256,256,256,256,311,511,511,511,511,511,511,511,511,511,511,511,511,511,511,511,511,511,511,511,511,495,510,383,495,478,329,256,311,511,511,511,511,511,495,494,366,366,366,366,362,256,256,256,256,375,511,511,511,511,511,511,495,510,351,457,256,256,256,256,256,256,256,256,374,383,491,256,256,256,256,256,256,256,256,256,256,256,311,511,511,511,511,479,509,447,511,511,511,479,473,256,256,256,256,256,256,256,256,256,256,256,256,256,256,256,256,256,256,256,0
0,256,256,256,256,256,256,256,256,256,256,256,256,256,256,256,256,311,511,511,511,511,511,511,511,511,511,511,511,511,511,511,511,511,511,511,511,511,511,511,511,511,507,256,256,311,511,511,511,511,511,511,511,511,511,511,511,495,494,330,256,310,383,511,511,511,511,511,511,511,511,507,256,256,256,256,256,256,358,366,382,383,511,495,494,366,366,366,366,366,330,256,256,256,256,311,511,511,511,511,475,256,439,511,511,511,507,256,322,256,256,256,256,256,256,256,256,256,256,256,256,256,256,256,256,256,256,0
0,256,256,256,256,256,256,256,256,256,256,256,256,256,256,256,256,311,511,511,511,511,511,479,509,447,511,479,477,413,413,445,447,511,479,509,447,511,511,511,511,511,495,458,256,311,511,511,511,511,511,511,511,511,511,511,511,511,479,457,256,311,511,511,511,511,511,511,511,511,511,495,490,256,256,256,358,382,383,511,511,511,511,511,511,511,511,511,511,511,459,256,256,256,256,311,511,511,511,511,491,256,375,511,511,511,495,510,331,256,256,256,256,256,256,256,256,256,256,256,256,256,256,256,256,256,256,0
0,256,256,256,256,256,256,256,256,256,256,256,256,256,256,256,256,311,511,511,511,511,511,507,256,503,511,507,256,256,256,256,503,511,507,256,503,511,511,511,511,511,479,457,256,311,511,511,511,511,511,511,511,511,511,511,511,511,475,256,256,311,511,511,511,511,511,511,511,511,511,511,495,458,256,310,383,511,511,511,511,511,511,511,511,511,511,511,511,511,459,256,256,256,256,311,511,511,511,511,495,510,383,511,511,511,511,511,459,256,256,256,256,256,256,256,256,256,256,256,256,256,256,256,256,256,256,0
0,256,256,256,256,256,256,256,256,256,256,256,256,256,256,256,256,311,511,511,511,511,511,495,510,383,511,495,458,256,256,310,383,511,495,510,383,511,511,511,511,511,475,256,256,311,511,511,511,511,511,511,511,511,511,511,511,511,459,256,256,311,511,511,511,511,511,511,511,511,511,511,479,457,256,311,511,511,511,511,511,511,511,511,511,511,511,511,511,511,459,256,256,256,256,311,511,511,511,511,511,511,511,511,511,511,511,479,457,256,256,256,256,256,256,256,256,256,256,256,256,256,256,256,256,256,256,0
0,256,256,256,256,256,256,256,256,256,256,256,256,256,256,256,256,311,511,511,511,511,511,511,511,511,511,511,491,256,256,375,511,511,511,511,511,511,511,511,511,511,491,256,256,311,511,511,511,511,511,511,511,511,511,511,511,511,459,256,256,311,511,511,511,511,511,511,511,511,511,511,507,256,256,311,511,511,511,511,511,511,511,511,511,511,511,511,511,511,459,256,256,256,256,311,511,511,511,511,511,511,511,511,511,511,479,473,256,256,256,256,256,256,256,256,256,256,256,256,256,256,256,256,256,256,256,0
0,256,256,256,256,256,256,256,256,256,256,256,256,256,256,256,256,311,511,511,511,511,511,511,511,511,511,511,495,494,382,383,511,511,511,511,511,511,511,511,511,511,495,458,256,311,511,511,511,511,511,511,511,511,511,511,511,511,459,256,256,311,511,511,511,511,511,511,511,511,511,511,495,458,256,311,511,511,511,511,511,511,511,511,511,511,511,511,511,511,459,256,256,256,256,311,511,511,511,511,511,511,511,511,511,511,507,256,322,256,256,256,256,256,256,256,256,256,256,256,256,256,256,256,256,256,256,0
0,256,256,256,256,256,256,256,256,256,256,256,256,256,256,256,256,311,511,511,511,511,511,511,511,511,511,511,511,479,509,447,511,511,511,511,511,511,511,511,511,511,511,459,256,311,511,511,511,511,511,511,511,511,511,511,511,511,491,256,256,311,511,511,511,511,511,511,511,511,511,511,479,457,256,311,511,511,511,511,511,511,511,511,511,511,511,511,511,479,457,256,256,256,256,311,511,511,511,511,511,511,511,511,511,511,495,510,331,256,256,256,256,256,256,256,256,256,256,256,256,256,256,256,256,256,256,0
0,256,256,256,256,256,256,256,256,256,256,256,256,256,256,256,256,311,511,511,511,511,511,511,511,511,511,511,511,507,256,503,511,511,511,511,511,511,511,511,511,511,511,459,256,311,511,511,511,511,511,511,511,511,511,511,511,511,495,458,256,311,511,511,511,511,511,511,511,511,511,511,507,256,256,375,511,511,511,511,511,511,511,511,511,511,511,511,511,475,256,256,256,256,256,311,511,511,511,511,511,511,511,511,511,511,511,511,459,256,256,256,256,256,256,256,256,256,256,256,256,256,256,256,256,256,256,0
0,256,256,256,256,256,256,256,256,256,256,256,256,256,256,256,256,311,511,511,511,511,511,511,511,511,511,511,511,495,510,383,511,511,511,511,511,511,511,511,511,511,511,459,256,311,511,511,511,511,511,511,511,511,511,511,511,511,511,459,256,311,511,511,511,511,511,511,511,511,511,511,495,494,382,383,511,511,511,511,511,511,511,511,511,511,511,511,511,459,256,256,256,256,256,311,511,511,511,511,511,511,511,511,511,511,511,511,459,256,256,256,256,256,256,256,256,256,256,256,256,256,256,256,256,256,256,0
0,256,256,256,256,256,256,256,256,256,256,256,256,256,256,256,256,311,511,511,511,511,511,511,511,511,511,511,511,511,511,511,511,511,511,511,511,511,511,511,511,511,511,459,256,311,511,511,511,511,511,511,511,511,511,511,511,511,511,459,256,311,511,511,511,511,511,511,511,511,511,511,479,477,445,447,511,511,511,511,511,479,477,413,413,413,413,413,413,393,256,256,256,256,256,277,413,413,413,413,413,413,413,413,413,413,413,413,393,256,256,256,256,256,256,256,256,256,256,256,256,256,256,256,256,256,256,0
0,256,256,256,256,256,256,256,256,256,256,256,256,256,256,256,256,277,413,413,413,413,413,413,413,413,413,413,413,413,413,413,413,413,413,413,413,413,413,413,413,413,413,393,256,277,413,413,413,413,413,413,413,413,413,413,413,413,413,393,256,277,413,413,413,413,413,413,413,413,413,413,409,256,256,405,413,413,413,413,413,409,256,256,256,256,256,256,256,256,256,256,256,256,256,256,256,256,256,256,256,256,256,256,256,256,256,256,256,256,256,256,256,256,256,256,256,256,256,256,256,256,256,256,256,256,256,0
0,256,256,256,256,256,256,256,256,256,256,256,256,256,256,256,256,256,256,256,256,256,256,256,256,256,256,256,256,256,256,256,256,256,256,256,256,256,256,256,256,256,256,256,256,256,256,256,256,256,256,256,256,256,256,256,256,256,256,256,256,256,256,256,256,256,256,256,256,256,256,256,256,256,256,256,256,256,256,256,256,256,256,256,256,256,256,256,256,256,256,256,256,256,256,256,256,256,256,256,256,256,256,256,256,256,256,256,256,256,256,256,256,256,256,256,256,256,256,256,256,256,256,256,256,256,256,0
0,256,256,256,256,256,256,256,256,256,256,256,256,256,256,256,256,256,256,256,256,256,256,256,256,256,256,256,256,256,256,256,256,256,256,256,256,256,256,256,256,256,256,256,256,256,256,256,256,256,256,256,256,256,256,256,256,256,256,256,256,256,256,256,256,256,256,256,256,256,256,256,256,256,256,256,256,256,256,256,256,256,256,256,256,256,256,256,256,256,256,256,256,256,256,256,256,256,256,256,256,256,256,256,256,256,256,256,256,256,256,256,256,256,256,256,256,256,256,256,256,256,256,256,256,256,256,0
0,256,256,256,256,256,256,256,256,256,256,256,256,256,256,256,256,256,256,256,256,256,256,256,256,256,256,256,256,256,256,256,256,256,256,256,256,256,256,256,256,256,256,256,256,256,256,256,256,256,256,256,256,256,256,256,256,256,256,256,256,256,256,256,256,256,256,256,256,256,256,256,256,256,256,256,256,256,256,256,256,256,256,256,256,256,256,256,256,256,256,256,256,256,256,256,256,256,256,256,256,256,256,256,256,256,256,256,256,256,256,256,256,256,256,256,256,256,256,256,256,256,256,256,256,256,256,0
0,256,256,256,256,256,256,256,256,256,256,256,256,256,256,256,256,256,256,256,256,256,256,256,256,256,256,256,256,256,256,256,256,256,256,256,256,256,256,256,256,256,256,256,256,256,256,256,256,256,256,256,256,256,256,256,256,256,256,256,256,256,256,256,256,256,256,256,256,256,256,256,256,256,256,256,256,256,256,256,256,256,256,256,256,256,256,256,256,256,256,256,256,256,256,256,256,256,256,256,256,256,256,256,256,256,256,256,256,256,256,256,256,256,256,256,256,256,256,256,256,256,256,256,256,256,256,0
0,256,256,256,256,256,256,256,256,256,256,256,256,256,256,256,256,256,256,256,256,256,256,256,256,256,256,256,256,256,256,256,256,256,256,256,256,256,256,256,256,256,256,256,256,256,256,256,256,256,256,256,256,256,256,256,256,256,256,256,256,256,256,256,256,256,256,256,256,256,256,256,256,256,256,256,256,256,256,256,256,256,256,256,256,256,256,256,256,256,256,256,256,256,256,256,256,256,256,256,256,256,256,256,256,256,256,256,256,256,256,256,256,256,256,256,256,256,256,256,256,256,256,256,256,256,256,0
0,256,256,256,256,256,256,256,256,256,256,256,256,256,256,256,256,256,256,256,256,256,256,256,256,256,256,256,256,256,256,256,256,256,256,256,256,256,256,256,256,256,256,256,256,256,256,256,256,256,256,256,256,256,256,256,256,256,256,256,256,256,256,256,256,256,256,256,256,256,256,256,256,256,256,256,256,256,256,256,256,256,256,256,256,256,256,256,256,256,256,256,256,256,256,256,256,256,256,256,256,256,256,256,256,256,256,256,256,256,256,256,256,256,256,256,256,256,256,256,256,256,256,256,256,256,256,0
0,256,256,256,256,256,256,256,256,256,256,256,256,256,256,256,256,256,256,256,256,256,256,256,256,256,256,256,256,256,256,256,256,256,256,256,256,256,256,256,256,256,256,256,256,256,256,256,256,256,256,256,256,256,256,256,256,256,256,256,256,256,256,256,256,256,256,256,256,256,256,256,256,256,256,256,256,256,256,256,256,256,256,256,256,256,256,256,256,256,256,256,256,256,256,256,256,256,256,256,256,256,256,256,256,256,256,256,256,256,256,256,256,256,256,256,256,256,256,256,256,256,256,256,256,256,256,0
0,256,256,256,256,256,256,256,256,256,256,256,256,256,256,256,256,256,256,256,256,256,256,256,256,256,256,256,256,256,256,256,256,256,256,256,256,256,256,256,256,256,256,256,256,256,256,256,256,256,256,256,256,256,256,256,256,256,256,256,256,256,256,256,256,256,256,256,256,256,256,256,256,256,256,256,256,256,256,256,256,256,256,256,256,256,256,256,256,256,256,256,256,256,256,256,256,256,256,256,256,256,256,256,256,256,256,256,256,256,256,256,256,256,256,256,256,256,256,256,256,256,256,256,256,256,256,0
0,256,256,256,256,256,256,256,256,256,256,256,256,256,256,256,256,256,256,256,256,256,256,256,256,256,256,256,256,256,256,256,256,256,256,256,256,256,256,256,256,256,256,256,256,256,256,256,256,256,256,256,256,256,256,256,256,256,256,256,256,256,256,256,256,256,256,256,256,256,256,256,256,256,256,256,256,256,256,256,256,256,256,256,256,256,256,256,256,256,256,256,256,256,256,256,256,256,256,256,256,256,256,256,256,256,256,256,256,256,256,256,256,256,256,256,256,256,256,256,256,256,256,256,256,256,256,0
0,256,256,256,256,256,256,256,256,256,256,256,256,256,256,256,256,256,256,256,256,256,256,256,256,256,256,256,256,256,256,256,256,256,256,256,256,256,256,256,256,256,256,256,256,256,256,256,256,256,256,256,256,256,256,256,256,256,256,256,256,256,256,256,256,256,256,256,256,256,256,256,256,256,256,256,256,256,256,256,256,256,256,256,256,256,256,256,256,256,256,256,256,256,256,256,256,256,256,256,256,256,256,256,256,256,256,256,256,256,256,256,256,256,256,256,256,256,256,256,256,256,256,256,256,256,256,0
0,256,256,256,256,256,256,256,256,256,256,256,256,256,256,256,256,256,256,256,256,256,256,256,256,256,256,256,256,256,256,256,256,256,256,256,256,256,256,256,256,256,256,256,256,256,256,256,256,256,256,256,256,256,256,256,256,256,256,256,256,256,256,256,256,256,256,256,256,256,256,256,256,256,256,256,256,256,256,256,256,256,256,256,256,256,256,256,256,256,256,256,256,256,256,256,256,256,256,256,256,256,256,256,256,256,256,256,256,256,256,256,256,256,256,256,256,256,256,256,256,256,256,256,256,256,256,0
0,256,256,256,256,256,256,256,256,256,256,256,256,256,256,256,256,256,256,256,256,256,256,256,256,256,256,256,256,256,256,256,256,256,256,256,256,256,256,256,256,256,256,256,256,256,256,256,256,256,256,256,256,256,256,256,256,256,256,256,256,256,256,256,256,256,256,256,256,256,256,256,256,256,256,256,256,256,256,256,256,256,256,256,256,256,256,256,256,256,256,256,256,256,256,256,256,256,256,256,256,256,256,256,256,256,256,256,256,256,256,256,256,256,256,256,256,256,256,256,256,256,256,256,256,256,256,0
0,256,256,256,256,256,256,256,256,256,256,256,256,256,256,256,256,256,256,256,256,256,256,256,256,256,256,256,256,256,256,256,256,256,256,256,256,256,256,256,256,256,256,256,256,256,256,256,256,256,256,256,256,256,256,256,256,256,256,256,256,256,256,256,256,256,256,256,256,256,256,256,256,256,256,256,256,256,256,256,256,256,256,256,256,256,256,256,256,256,256,256,256,256,256,256,256,256,256,256,256,256,256,256,256,256,256,256,256,256,256,256,256,256,256,256,256,256,256,256,256,256,256,256,256,256,256,0
0,256,256,256,256,256,256,256,256,256,256,256,256,256,256,256,256,256,256,256,256,256,256,256,256,256,256,256,256,256,256,256,256,256,256,256,256,256,256,256,256,256,256,256,256,256,256,256,256,256,256,256,256,256,256,256,256,256,256,256,256,256,256,256,256,256,256,256,256,256,256,256,256,256,256,256,256,256,256,256,256,256,256,256,256,256,256,256,256,256,256,256,256,256,256,256,256,256,256,256,256,256,256,256,256,256,256,256,256,256,256,256,256,256,256,256,256,256,256,256,256,256,256,256,256,256,256,0
0,256,256,256,256,256,256,256,256,256,256,256,256,256,256,256,256,256,256,256,256,256,256,256,256,256,256,256,256,256,256,256,256,256,256,256,256,256,256,256,256,256,256,256,256,256,256,256,256,256,256,256,256,256,256,256,256,256,256,256,256,256,256,256,256,256,256,256,256,256,256,256,256,256,256,256,256,256,256,256,256,256,256,256,256,256,256,256,256,256,256,256,256,256,256,256,256,256,256,256,256,256,256,256,256,256,256,256,256,256,256,256,256,256,256,256,256,256,256,256,256,256,256,256,256,256,256,0
0,0,0,0,0,0,0,0,0,0,0,0,0,0,0,0,0,0,0,0,0,0,0,0,0,0,0,0,0,0,0,0,0,0,0,0,0,0,0,0,0,0,0,0,0,0,0,0,0,0,0,0,0,0,0,0,0,0,0,0,0,0,0,0,0,0,0,0,0,0,0,0,0,0,0,0,0,0,0,0,0,0,0,0,0,0,0,0,0,0,0,0,0,0,0,0,0,0,0,0,0,0,0,0,0,0,0,0,0,0,0,0,0,0,0,0,0,0,0,0,0,0,0,0,0,0,0,0
