32704
32831
32768
32895
0,0,0,0,0,0,0,0,0,0,0,0,0,0,0,0,0,0,0,0,0,0,0,0,0,0,0,0,0,0,0,0,0,0,0,0,0,0,0,0,0,0,0,0,0,0,0,0,0,0,0,0,0,0,0,0,0,0,0,0,0,0,0,0,0,0,0,0,0,0,0,0,0,0,0,0,0,0,0,0,0,0,0,0,0,0,0,0,0,0,0,0,0,0,0,0,0,0,0,0,0,0,0,0,0,0,0,0,0,0,0,0,0,0,0,0,0,0,0,0,0,0,0,0,0,0,0,0
0,256,256,256,256,256,256,256,256,256,256,256,256,256,256,256,256,256,256,256,256,256,256,256,256,256,256,256,256,256,256,256,256,256,256,256,256,256,256,256,256,256,256,256,256,256,256,256,256,256,256,256,256,256,256,256,256,256,256,256,256,256,256,256,256,256,256,256,256,256,256,256,256,256,256,256,256,256,256,256,256,256,256,256,256,256,256,256,256,256,256,256,256,256,256,256,256,256,256,256,256,256,256,256,256,256,256,256,256,256,256,256,256,256,256,256,256,256,256,256,256,256,256,256,256,256,256,0
0,256,256,256,256,256,256,256,256,256,256,256,256,256,256,256,256,256,256,256,256,256,256,256,256,256,256,256,256,256,256,256,256,256,256,256,256,256,256,256,256,256,256,256,256,256,256,256,256,256,256,256,256,256,256,256,256,256,256,256,256,256,256,256,256,256,256,256,256,256,256,256,256,256,256,256,256,256,256,256,256,256,256,256,256,256,256,256,256,256,256,256,256,256,256,256,256,256,256,256,256,256,256,256,256,256,256,256,256,256,256,256,256,256,256,256,256,256,256,256,256,256,256,256,256,256,256,0
0,256,256,256,256,256,256,256,256,256,256,256,256,256,256,256,256,256,256,256,256,256,256,256,256,256,256,256,256,256,256,256,256,256,256,256,256,256,256,256,256,256,256,256,256,256,256,256,256,256,256,256,256,256,256,256,256,256,256,256,256,256,256,256,256,256,256,256,256,256,256,256,256,256,256,256,256,256,256,256,256,256,256,256,256,256,256,256,256,256,256,256,256,256,256,256,256,256,256,256,256,256,256,256,256,256,256,256,256,256,256,256,256,256,256,256,256,256,256,256,256,256,256,256,256,256,256,0
0,256,256,256,256,256,256,256,256,256,256,256,256,256,256,256,256,256,256,256,256,256,256,256,256,256,256,256,256,256,256,256,256,256,256,256,256,256,256,256,256,256,256,256,256,256,256,256,256,256,256,256,256,256,256,256,256,256,256,256,256,256,256,256,256,256,256,256,256,256,256,256,256,256,256,256,256,256,256,256,256,256,256,256,256,256,256,256,256,256,256,256,256,256,256,256,256,256,256,256,256,256,256,256,256,256,256,256,256,256,256,256,256,256,256,256,256,256,256,256,256,256,256,256,256,256,256,0
0,256,256,256,256,256,256,256,256,256,256,256,256,256,256,256,256,256,256,256,256,256,256,256,256,256,256,256,256,256,256,256,256,256,256,256,256,256,256,256,256,256,256,256,256,256,256,256,256,256,256,256,256,256,256,256,256,256,256,256,256,256,256,256,256,256,256,256,256,256,256,256,256,256,256,256,256,256,256,256,256,256,256,256,256,256,256,256,256,256,256,256,256,256,256,256,256,256,256,256,256,256,256,256,256,256,256,256,256,256,256,256,256,256,256,256,256,256,256,256,256,256,256,256,256,256,256,0
0,256,256,256,256,256,256,256,256,256,256,256,256,256,256,256,256,256,256,256,256,256,256,256,256,256,256,256,256,256,256,256,256,256,256,256,256,256,256,256,256,256,256,256,256,256,256,256,256,256,256,256,256,256,256,256,256,256,256,256,256,256,256,256,256,256,256,256,256,256,256,256,256,256,256,256,256,256,256,256,256,256,256,256,256,256,256,256,256,256,256,256,256,256,256,256,256,256,256,256,256,256,256,256,256,256,256,256,256,256,256,256,256,256,256,256,256,256,256,256,256,256,256,256,256,256,256,0
0,256,256,256,256,256,256,256,256,256,256,256,256,256,256,256,256,256,256,256,256,256,256,256,256,256,256,256,256,256,256,256,256,256,256,256,256,256,256,256,256,256,256,256,256,256,256,256,256,256,256,256,256,256,256,256,256,256,256,256,256,256,256,256,256,256,256,256,256,256,256,256,256,256,256,256,256,256,256,256,256,256,256,256,256,256,256,256,256,256,256,256,256,256,256,256,256,256,256,256,256,256,256,256,256,256,256,256,256,256,256,256,256,256,256,256,256,256,256,256,256,256,256,256,256,256,256,0
0,256,256,256,256,256,256,256,256,256,256,256,256,256,256,256,256,256,256,256,256,256,256,256,256,256,256,256,256,256,256,256,256,256,256,256,256,256,256,256,256,256,256,256,256,256,256,256,256,256,256,256,256,256,256,256,256,256,256,256,256,256,256,256,256,256,256,256,256,256,256,256,256,256,256,256,256,256,256,256,256,256,256,256,256,256,256,256,256,256,256,256,256,256,256,256,256,256,256,256,256,256,256,256,256,256,256,256,256,256,256,256,256,256,256,256,256,256,256,256,256,256,256,256,256,256,256,0
0,256,256,256,256,256,256,256,256,256,256,256,256,256,256,256,256,256,256,256,256,256,256,256,256,256,256,256,256,256,256,256,256,256,256,256,256,256,256,256,256,256,256,256,256,256,256,256,256,256,256,256,256,256,256,256,256,256,256,256,256,256,256,256,256,256,256,256,256,256,256,256,256,256,256,256,256,256,256,256,256,256,256,256,256,256,256,256,256,256,256,256,256,256,256,256,256,256,256,256,256,256,256,256,256,256,256,256,256,256,256,256,256,256,256,256,256,256,256,256,256,256,256,256,256,256,256,0
0,256,256,256,256,256,256,256,256,256,256,256,256,256,256,256,256,256,256,256,256,256,256,256,256,256,256,256,256,256,256,256,256,256,256,256,256,256,256,256,256,256,256,256,256,256,256,256,256,256,256,256,256,256,256,256,256,256,256,256,256,256,256,256,256,256,256,256,256,256,256,256,256,256,256,256,256,256,256,256,256,256,256,256,256,256,256,256,256,256,256,256,256,256,256,256,256,256,256,256,256,256,256,256,256,256,256,256,256,256,256,256,256,256,256,256,256,256,256,256,256,256,256,256,256,256,256,0
0,256,256,256,256,256,256,256,256,256,256,256,256,256,256,256,256,256,256,256,256,256,256,256,256,256,256,256,256,256,256,256,256,256,256,256,256,256,256,256,256,256,256,256,256,256,256,256,256,256,256,256,256,256,256,256,256,256,256,256,256,256,256,256,256,256,256,256,256,256,256,256,256,256,256,256,256,256,256,256,256,256,256,256,256,256,256,256,256,256,256,256,256,256,256,256,256,256,256,256,256,256,256,256,256,256,256,256,256,256,256,256,256,256,256,256,256,256,256,256,256,256,256,256,256,256,256,0
0,256,256,256,256,256,256,256,256,256,256,256,256,256,256,256,256,256,256,256,256,256,256,256,256,256,256,256,256,256,256,256,256,256,256,256,256,256,256,256,256,256,256,256,256,256,256,256,256,256,256,256,256,256,256,256,256,256,256,256,256,256,256,256,256,256,256,256,256,256,256,256,256,256,256,256,256,256,256,256,256,256,256,256,256,256,256,256,256,256,256,256,256,256,256,256,256,256,256,256,256,256,256,256,256,256,256,256,256,256,256,256,256,256,256,256,256,256,256,256,256,256,256,256,256,256,256,0
0,256,256,256,256,256,256,256,256,256,256,256,256,256,256,256,256,256,256,256,256,256,256,256,256,256,256,256,256,256,256,256,256,256,256,256,256,256,256,256,256,256,256,256,256,256,256,256,256,256,256,256,256,256,256,256,256,256,256,256,256,256,256,256,256,256,256,256,256,256,256,256,256,256,256,256,256,256,256,256,256,256,256,256,256,256,256,256,256,256,256,256,256,256,256,256,256,256,256,256,256,256,256,256,256,256,256,256,256,256,256,256,256,256,256,256,256,256,256,256,256,256,256,256,256,256,256,0
0,256,256,256,256,256,256,256,256,256,256,256,256,256,256,256,256,256,256,256,256,256,256,256,256,256,256,256,256,256,256,256,256,256,256,256,256,256,256,256,256,256,256,256,256,256,256,256,256,256,256,256,256,256,256,256,256,256,256,256,256,256,256,256,256,256,256,256,256,256,256,256,256,256,256,256,256,256,256,256,256,256,256,256,256,256,256,256,256,256,256,256,256,256,256,256,256,256,256,256,256,256,256,256,256,256,256,256,256,256,256,256,256,256,256,256,256,256,256,256,256,256,256,256,256,256,256,0
0,256,256,256,256,256,256,256,256,256,256,256,256,256,256,256,256,256,256,256,256,256,256,256,256,256,256,256,256,256,256,256,256,256,256,256,256,256,256,256,256,256,256,256,256,256,256,256,256,256,256,256,256,256,256,256,256,256,256,256,256,256,256,256,256,256,256,256,256,256,256,256,256,256,256,256,256,256,256,256,256,256,256,256,256,256,256,256,256,256,256,256,256,256,256,256,256,256,256,256,256,256,256,256,256,256,256,256,256,256,256,256,256,256,256,256,256,256,256,256,256,256,256,256,256,256,256,0
0,256,256,256,256,256,256,256,256,256,256,256,256,256,256,256,256,256,256,256,256,256,256,256,256,256,256,256,256,256,256,256,256,256,256,256,256,256,256,256,256,256,256,256,256,256,256,256,256,256,256,256,256,256,256,256,256,256,256,256,256,256,256,256,256,256,256,256,256,256,256,256,256,256,256,256,256,256,256,256,256,256,256,256,256,256,256,256,256,256,256,256,256,256,256,256,256,256,256,256,256,256,256,256,256,256,256,256,256,256,256,256,256,256,256,256,256,256,256,256,256,256,256,256,256,256,256,0
0,256,256,256,256,256,256,256,256,256,256,256,256,256,256,256,256,256,256,256,256,256,256,256,256,256,256,256,256,256,256,256,256,256,256,256,256,256,256,256,256,256,256,256,256,256,256,256,256,256,256,256,256,256,256,256,256,256,256,256,256,256,256,256,256,256,256,256,256,256,256,256,256,256,256,256,256,256,256,256,256,256,256,256,256,256,256,256,256,256,256,256,256,256,256,256,256,256,256,256,256,256,256,256,256,256,256,256,256,256,256,256,256,256,256,256,256,256,256,256,256,256,256,256,256,256,256,0
0,256,256,256,256,256,256,256,256,256,256,256,256,256,256,256,256,256,256,256,256,256,256,256,256,256,256,256,256,256,256,256,256,256,256,256,256,256,256,256,256,256,256,256,256,256,256,256,256,256,256,256,256,256,256,256,256,256,256,256,256,256,256,256,256,256,256,256,256,256,256,256,256,256,256,256,256,256,256,256,256,256,256,256,256,256,256,256,256,256,256,256,256,256,256,256,256,256,256,256,256,256,256,256,256,256,256,256,256,256,256,256,256,256,256,256,256,256,256,256,256,256,256,256,256,256,256,0
0,256,256,256,256,256,256,256,256,256,256,256,256,256,256,256,256,256,256,256,256,256,256,256,256,256,256,256,256,256,256,256,256,256,256,256,256,256,256,256,256,256,256,256,256,256,256,256,256,256,256,256,256,256,256,256,256,256,256,256,256,256,256,256,256,256,256,256,256,256,256,256,256,256,256,256,256,256,256,256,256,256,256,256,256,256,256,256,256,256,256,256,256,256,256,256,256,256,256,256,256,256,256,256,256,256,256,256,256,256,256,256,256,256,256,256,256,256,256,256,256,256,256,256,256,256,256,0
0,256,256,256,256,256,256,256,256,256,256,256,256,256,256,256,256,256,256,256,256,256,256,256,256,294,366,366,366,362,256,256,358,366,366,366,362,256,256,358,330,256,294,366,366,366,330,256,256,256,256,256,256,256,256,256,256,256,256,256,256,358,366,366,366,362,256,256,358,334,364,302,362,256,256,358,366,366,362,256,354,256,256,256,256,256,256,256,256,256,256,256,256,256,256,256,256,256,256,256,256,256,256,256,256,256,256,256,256,256,256,256,256,256,256,256,256,256,256,256,256,256,256,256,256,256,256,0
0,256,256,256,256,256,256,256,256,256,256,256,256,256,256,256,256,256,256,256,256,256,256,256,256,311,511,511,511,495,494,382,383,511,511,511,495,494,382,383,459,256,311,511,511,511,459,256,256,256,256,256,256,256,256,256,294,366,366,366,382,383,511,511,511,495,494,382,383,507,256,503,495,494,382,383,511,511,495,510,367,494,366,330,256,256,256,256,256,256,256,256,256,256,256,256,256,256,256,256,256,256,256,256,256,256,256,256,256,256,256,256,256,256,256,256,256,256,256,256,256,256,256,256,256,256,256,0
0,256,256,256,256,256,256,256,256,256,256,256,256,256,256,256,256,256,256,256,256,256,256,256,256,311,511,511,511,511,511,511,511,511,511,511,511,511,511,511,459,256,311,511,511,511,459,256,256,256,256,256,256,256,256,256,311,511,511,511,511,511,511,511,511,511,511,511,511,495,510,383,511,511,511,511,511,511,511,511,511,511,479,457,256,256,256,256,256,256,256,256,256,256,256,256,256,256,256,256,256,256,256,256,256,256,256,256,256,256,256,256,256,256,256,256,256,256,256,256,256,256,256,256,256,256,256,0
0,256,256,256,256,256,256,256,256,256,256,256,256,256,256,256,256,256,256,256,256,256,256,256,256,311,511,511,511,511,511,479,509,447,511,511,511,511,511,511,459,256,311,511,511,511,459,256,256,256,256,256,256,256,256,256,277,413,413,445,447,511,511,511,511,511,511,511,511,511,511,511,511,511,511,511,511,511,511,511,511,511,475,256,256,256,256,256,256,256,256,256,256,256,256,256,256,256,256,256,256,256,256,256,256,256,256,256,256,256,256,256,256,256,256,256,256,256,256,256,256,256,256,256,256,256,256,0
0,256,256,256,256,256,256,256,256,256,256,256,256,256,256,256,256,256,256,256,256,256,256,256,256,311,511,511,511,511,511,475,256,439,511,511,511,511,511,511,459,256,311,511,511,511,459,256,256,256,256,256,256,256,256,256,256,256,256,256,503,511,511,511,511,511,511,511,511,511,511,511,511,511,511,511,511,511,511,511,511,511,459,256,256,256,256,256,256,256,256,256,256,256,256,256,256,256,256,256,256,256,256,256,256,256,256,256,256,256,256,256,256,256,256,256,256,256,256,256,256,256,256,256,256,256,256,0
0,256,256,256,256,256,256,256,256,256,256,256,256,256,256,256,256,256,256,256,256,256,256,256,256,311,511,511,511,511,511,459,256,311,511,511,511,511,511,511,459,256,311,511,511,511,459,256,256,256,256,256,256,256,256,256,294,366,366,382,383,511,511,511,511,511,511,511,511,511,511,511,511,511,511,511,511,511,511,511,511,511,491,256,256,256,256,256,256,256,256,256,256,256,256,256,256,256,256,256,256,256,256,256,256,256,256,256,256,256,256,256,256,256,256,256,256,256,256,256,256,256,256,256,256,256,256,0
0,256,256,256,256,256,256,256,256,256,256,256,256,256,256,256,256,256,256,256,256,256,256,256,256,311,511,511,479,477,413,393,256,277,413,445,447,511,511,479,457,256,309,447,511,511,459,256,256,256,256,256,256,256,256,256,279,509,447,511,511,511,511,511,511,511,511,511,511,511,511,511,511,511,511,511,511,511,511,511,511,479,493,394,256,256,256,256,256,256,256,256,256,256,256,256,256,256,256,256,256,256,256,256,256,256,256,256,256,256,256,256,256,256,256,256,256,256,256,256,256,256,256,256,256,256,256,0
0,256,256,256,256,256,256,256,256,256,256,256,256,256,256,256,256,256,256,256,256,256,256,256,256,311,511,511,507,256,256,256,256,256,256,256,503,511,511,475,256,256,256,439,511,511,491,256,256,256,256,256,256,256,256,256,371,256,503,511,511,511,511,511,511,511,511,511,511,479,477,445,447,511,511,511,511,511,511,511,511,507,256,483,256,256,256,256,256,256,256,256,256,256,256,256,256,256,256,256,256,256,256,256,256,256,256,256,256,256,256,256,256,256,256,256,256,256,256,256,256,256,256,256,256,256,256,0
0,256,256,256,256,256,256,256,256,256,256,256,256,256,256,256,256,256,256,256,256,256,256,256,256,311,511,511,495,494,366,330,256,294,366,382,383,511,511,491,256,256,256,375,511,511,495,494,366,366,366,366,366,366,366,382,367,510,383,511,511,511,511,511,511,511,511,511,511,475,256,256,439,511,511,511,511,511,511,511,511,495,510,367,494,366,366,366,366,366,366,366,366,366,366,366,366,366,366,366,366,366,366,366,366,366,330,256,256,256,256,256,256,256,256,256,256,256,256,256,256,256,256,256,256,256,256,0
0,256,256,256,256,256,256,256,256,256,256,256,256,256,256,256,256,256,256,256,256,256,256,256,256,311,511,511,511,511,511,459,256,311,511,511,511,511,511,495,1262,1134,1150,383,511,511,511,511,511,511,511,511,511,511,511,511,511,511,511,511,511,511,511,511,511,511,511,511,511,491,256,256,375,511,511,511,511,511,511,511,511,511,511,511,511,511,511,511,511,511,511,511,511,511,511,511,511,511,511,511,511,511,511,511,511,511,459,256,256,256,256,256,256,256,256,256,256,256,256,256,256,256,256,256,256,256,256,0
0,256,256,256,256,256,256,256,256,256,256,256,256,256,256,256,256,256,256,256,256,256,256,256,256,311,511,511,511,511,511,491,256,375,511,511,511,511,511,479,1245,1181,1213,447,511,511,511,511,511,511,511,511,511,511,511,511,511,511,511,511,511,511,511,511,511,511,511,511,511,495,494,382,383,511,511,511,511,511,511,511,511,511,511,511,511,511,511,511,511,511,511,511,511,511,511,511,511,511,511,511,511,511,511,511,511,511,459,256,256,256,256,256,256,256,256,256,256,256,256,256,256,256,256,256,256,256,256,0
0,256,256,256,256,256,256,256,256,256,256,256,256,256,256,256,256,256,256,256,256,256,256,256,256,311,511,511,511,511,511,495,510,383,511,511,511,511,511,475,1024,1024,1024,503,511,511,511,511,511,511,511,511,511,511,511,511,511,511,511,511,511,511,511,511,511,511,511,511,511,511,511,511,511,511,511,511,511,511,511,511,511,511,511,511,511,511,511,511,511,511,511,511,511,511,511,511,511,511,511,511,511,511,511,511,511,511,459,256,256,256,256,256,256,256,256,256,256,256,256,256,256,256,256,256,256,256,256,0
0,256,256,256,256,256,256,256,256,256,256,256,256,256,256,256,256,256,256,256,256,256,256,256,256,311,511,511,511,511,511,511,511,511,511,511,511,511,511,459,256,256,310,383,511,511,511,511,511,511,511,511,511,511,511,511,511,511,511,511,511,511,511,511,511,511,511,511,511,511,511,511,511,511,511,511,511,511,511,511,511,511,511,511,511,511,511,511,511,511,511,511,511,511,511,511,511,511,511,511,511,511,511,511,511,511,459,256,256,256,256,256,256,256,256,256,256,256,256,256,256,256,256,256,256,256,256,0
0,256,256,256,256,256,256,256,256,256,256,256,256,256,256,256,256,256,256,256,256,256,256,256,256,311,511,511,511,511,511,511,511,511,511,511,511,511,511,491,256,256,311,511,511,511,479,477,413,413,413,413,413,413,413,445,415,509,447,511,511,511,511,511,511,511,511,511,511,511,511,511,511,511,511,511,511,511,511,511,511,479,509,415,477,413,413,413,413,413,413,413,413,413,413,413,413,413,413,413,445,447,511,511,511,511,459,256,256,256,256,256,256,256,256,256,256,256,256,256,256,256,256,256,256,256,256,0
0,256,256,256,256,256,256,256,256,256,256,256,256,256,256,256,256,256,256,256,256,256,256,256,256,311,511,511,511,511,511,511,479,509,447,479,477,413,445,431,458,256,311,511,511,511,475,256,256,256,256,256,256,256,256,256,435,256,503,511,511,511,511,511,511,511,511,511,511,511,511,511,511,511,511,511,511,511,511,511,511,507,256,467,256,256,256,256,256,256,256,256,256,256,256,256,256,256,256,256,256,439,511,511,511,511,459,256,256,256,256,256,256,256,256,256,256,256,256,256,256,256,256,256,256,256,256,0
0,256,256,256,256,256,256,256,256,256,256,256,256,256,256,256,256,256,256,256,256,256,256,256,256,277,413,413,413,413,413,413,409,256,439,475,256,256,256,405,393,256,311,511,511,511,459,256,256,256,256,256,256,256,256,256,295,510,383,511,511,511,511,511,511,511,511,511,511,511,511,511,511,511,511,511,511,511,511,511,479,461,412,265,256,256,256,256,256,256,256,256,256,256,256,256,256,256,256,256,256,311,511,511,511,511,459,256,256,256,256,256,256,256,256,256,256,256,256,256,256,256,256,256,256,256,256,0
0,256,256,256,256,256,256,256,256,256,256,256,256,256,256,256,256,256,256,256,256,256,256,256,256,256,256,256,256,256,256,256,256,256,1079,1227,256,256,256,256,256,256,375,511,511,511,459,256,256,256,256,256,256,256,256,256,311,511,511,511,511,511,511,511,511,511,511,511,511,511,511,511,511,511,511,511,511,511,511,511,507,256,256,256,256,256,256,256,256,256,256,256,256,256,256,256,256,256,256,256,256,311,511,511,511,511,459,256,256,256,256,256,256,256,256,256,256,256,256,256,256,256,256,256,256,256,256,0
0,256,256,256,256,256,256,256,256,256,256,256,256,256,256,256,256,256,256,256,256,256,256,256,256,294,366,366,366,366,362,256,256,256,1143,1259,256,256,358,366,366,382,383,511,511,511,459,256,256,256,256,256,256,256,256,256,311,511,511,511,511,511,511,511,511,511,511,511,511,511,511,511,511,511,511,511,511,511,511,511,495,490,256,256,256,256,256,256,256,256,256,256,256,256,256,256,256,256,256,256,256,311,511,511,511,511,459,256,256,256,256,256,256,256,256,256,256,256,256,256,256,256,256,256,256,256,256,0
0,256,256,256,256,256,256,256,256,256,256,256,256,256,256,256,256,256,256,256,256,256,256,256,256,311,511,511,511,511,495,494,366,382,1151,1263,494,382,383,511,511,511,511,511,511,511,459,256,256,256,256,256,256,256,256,256,311,511,511,511,511,511,511,511,511,511,511,511,511,511,511,511,511,511,511,511,511,511,511,511,511,495,458,256,256,256,256,256,256,256,256,256,256,256,256,256,256,256,256,256,256,311,511,511,511,511,459,256,256,256,256,256,256,256,256,256,256,256,256,256,256,256,256,256,256,256,256,0
0,256,256,256,256,256,256,256,256,256,256,256,256,256,256,256,256,256,256,256,256,256,256,256,256,311,511,511,511,511,511,511,511,511,511,511,511,511,511,511,511,511,511,511,511,511,459,256,256,256,256,256,256,256,256,256,311,511,511,511,511,511,511,511,511,479,509,447,511,511,511,511,479,509,447,511,511,511,511,511,511,511,459,256,256,256,256,256,256,256,256,256,256,256,256,256,256,256,256,256,256,311,511,511,511,511,459,256,256,256,256,256,256,256,256,256,256,256,256,256,256,256,256,256,256,256,256,0
0,256,256,256,256,256,256,256,256,256,256,256,256,256,256,256,256,256,256,256,256,256,256,256,256,311,511,511,511,511,511,511,511,511,511,511,511,511,511,511,511,511,511,511,511,511,459,256,256,256,256,256,256,256,256,256,309,447,511,511,511,511,511,511,511,507,256,503,511,511,511,511,507,256,503,511,511,511,511,511,511,511,459,256,256,256,256,256,256,256,256,256,256,256,256,256,256,256,256,256,256,311,511,511,511,511,459,256,256,256,256,256,256,256,256,256,256,256,256,256,256,256,256,256,256,256,256,0
0,256,256,256,256,256,256,256,256,256,256,256,256,256,256,256,256,256,256,256,256,256,256,256,256,277,413,413,413,413,413,413,445,447,511,511,511,511,479,477,413,413,413,413,413,413,393,256,256,256,256,256,256,256,256,256,256,405,413,413,413,413,413,413,413,397,444,319,511,511,511,511,463,476,285,413,413,413,413,413,413,413,393,256,256,256,256,256,256,256,256,256,256,256,256,256,256,256,256,256,256,311,511,511,511,511,459,256,256,256,256,256,256,256,256,256,256,256,256,256,256,256,256,256,256,256,256,0
0,256,256,256,256,256,256,256,256,256,256,256,256,256,256,256,256,256,256,256,256,256,256,256,256,256,256,256,256,256,256,256,256,439,511,511,511,511,475,256,256,256,256,256,256,256,256,256,256,256,256,256,256,256,256,256,256,256,256,256,256,256,256,256,256,256,256,439,511,511,511,511,475,256,256,256,256,256,256,256,256,256,256,256,256,256,256,256,256,256,256,256,256,256,256,256,256,256,256,256,256,311,511,511,511,511,459,256,256,256,256,256,256,256,256,256,256,256,256,256,256,256,256,256,256,256,256,0
0,256,256,256,256,256,256,256,256,256,256,256,256,256,256,256,256,256,256,256,256,256,256,256,256,256,256,256,256,256,256,256,256,311,511,511,511,511,459,256,256,256,256,256,256,256,256,256,256,256,256,256,256,256,256,256,256,256,256,256,256,256,256,256,256,256,256,311,511,511,511,511,459,256,256,256,256,256,256,256,256,256,256,256,256,256,256,256,256,256,256,256,256,256,256,256,256,256,256,256,256,311,511,511,511,511,459,256,256,256,256,256,256,256,256,256,256,256,256,256,256,256,256,256,256,256,256,0
0,256,256,256,256,256,256,256,256,256,256,256,256,256,256,256,256,256,256,256,256,256,256,256,256,256,256,256,256,256,256,256,256,311,511,511,511,511,459,256,256,256,256,256,256,256,256,256,256,256,256,256,256,256,256,256,256,256,256,256,256,256,256,256,256,256,256,311,511,511,511,511,459,256,256,256,256,256,256,256,256,256,256,256,256,256,256,256,256,256,256,256,256,256,256,256,256,256,256,256,256,311,511,511,511,511,459,256,256,256,256,256,256,256,256,256,256,256,256,256,256,256,256,256,256,256,256,0
0,256,256,256,256,256,256,256,256,256,256,256,256,256,256,256,256,256,256,256,256,256,256,256,256,256,256,256,256,256,256,256,256,311,511,511,511,511,459,256,256,256,256,256,256,256,256,256,256,256,256,256,256,256,256,256,256,256,256,256,256,256,256,256,256,256,256,311,511,511,511,511,459,256,256,256,256,256,256,256,256,256,256,256,256,256,256,256,256,256,256,256,256,256,256,256,256,256,256,256,256,311,511,511,511,511,459,256,256,256,256,256,256,256,256,256,256,256,256,256,256,256,256,256,256,256,256,0
0,256,256,256,256,256,256,256,256,256,256,256,256,256,256,256,256,256,256,256,256,256,256,256,256,256,256,256,256,256,256,256,256,311,511,511,511,511,459,256,256,256,256,256,256,256,256,256,256,256,256,256,256,256,256,256,256,256,256,256,256,256,256,256,256,256,256,311,511,511,511,511,459,256,256,256,256,256,256,256,256,256,256,256,256,256,256,256,256,256,256,256,256,256,256,256,256,256,256,256,256,311,511,511,511,511,459,256,256,256,256,256,256,256,256,256,256,256,256,256,256,256,256,256,256,256,256,0
0,256,256,256,256,256,256,256,256,256,256,256,256,256,256,256,256,256,256,256,256,256,256,256,256,256,256,256,256,256,256,256,256,311,511,511,511,511,459,256,256,256,256,256,256,256,256,256,256,256,256,256,256,256,256,256,256,256,256,256,256,256,256,256,256,256,256,311,511,511,511,511,459,256,256,256,256,256,256,256,256,256,256,256,256,256,256,256,256,256,256,256,256,256,256,256,256,256,256,256,256,311,511,511,511,511,459,256,256,256,256,256,256,256,256,256,256,256,256,256,256,256,256,256,256,256,256,0
0,256,256,256,256,256,256,256,256,256,256,256,256,256,256,256,256,256,256,256,256,256,256,256,256,256,256,256,256,256,256,256,256,311,511,511,511,511,459,256,256,256,256,256,256,256,256,256,256,256,256,256,256,256,256,256,256,256,256,256,256,256,256,256,256,256,256,311,511,511,511,511,459,256,256,256,256,256,256,256,256,256,256,256,256,256,256,256,256,256,256,256,256,256,256,256,256,256,256,256,256,311,511,511,511,511,459,256,256,256,256,256,256,256,256,256,256,256,256,256,256,256,256,256,256,256,256,0
0,256,256,256,256,256,256,256,256,256,256,256,256,256,256,256,256,256,256,256,256,256,256,256,256,256,256,256,256,256,256,256,256,311,511,511,511,511,459,256,256,256,256,256,256,256,256,256,256,256,256,256,256,256,256,256,256,256,256,256,256,256,256,256,256,256,256,311,511,511,511,511,459,256,256,256,256,256,256,256,256,256,256,256,256,256,256,256,256,256,256,256,256,256,256,256,256,256,256,256,256,311,511,511,511,511,459,256,256,256,256,256,256,256,256,256,256,256,256,256,256,256,256,256,256,256,256,0
0,256,256,256,256,256,256,256,256,256,256,256,256,256,256,256,256,256,256,256,256,256,256,256,256,256,256,256,256,256,256,256,256,375,511,511,511,511,491,256,256,256,256,256,256,256,256,256,256,256,256,256,256,256,256,256,256,256,256,256,256,256,256,256,256,256,256,375,511,511,511,511,491,256,256,256,256,256,256,256,256,256,256,256,256,256,256,256,256,256,256,256,256,256,256,256,256,256,256,256,256,375,511,511,511,511,491,256,256,256,256,256,256,256,256,256,256,256,256,256,256,256,256,256,256,256,256,0
0,256,256,256,256,256,256,256,256,256,256,256,256,256,256,256,256,256,256,256,256,256,256,256,256,256,358,362,256,256,358,334,380,319,511,511,511,511,463,492,298,256,256,256,256,358,330,256,256,256,256,256,256,256,256,256,294,366,366,366,366,366,362,256,256,358,382,383,511,511,511,511,495,494,366,362,256,256,358,366,366,366,366,330,256,256,256,256,256,256,256,256,256,256,256,256,256,256,358,334,380,319,511,511,511,511,463,492,298,256,256,256,256,358,330,256,256,256,256,256,256,256,256,256,256,256,256,0
0,256,256,256,256,256,256,256,256,256,256,256,256,256,256,256,256,256,256,256,256,256,256,256,256,310,383,495,494,382,383,507,256,503,511,511,511,511,507,256,487,494,366,366,350,349,393,256,256,256,256,256,256,256,256,256,311,511,511,511,511,511,495,494,382,383,511,511,511,511,511,511,511,511,511,495,494,382,383,511,511,511,511,459,256,256,256,256,256,256,256,256,256,294,366,366,366,382,383,507,256,503,511,511,511,511,507,256,487,494,366,366,382,383,459,256,256,256,256,256,256,256,256,256,256,256,256,0
0,256,256,256,256,256,256,256,256,256,256,256,256,256,256,256,256,256,256,256,256,256,256,256,256,311,511,511,511,511,511,495,510,383,511,511,511,511,495,510,383,511,511,511,475,256,256,256,256,256,256,256,256,256,256,256,311,511,511,511,511,511,511,511,511,511,511,511,511,511,511,511,511,511,511,511,511,511,511,511,511,511,511,459,256,256,256,256,256,256,256,256,256,311,511,511,479,509,447,495,510,383,511,511,511,511,495,510,383,511,511,511,479,477,393,256,256,256,256,256,256,256,256,256,256,256,256,0
0,256,256,256,256,256,256,256,256,256,256,256,256,256,256,256,256,256,256,256,256,256,256,256,256,311,511,511,511,511,511,511,511,511,511,511,511,511,511,511,511,511,511,511,459,256,256,256,256,256,256,256,256,256,256,256,311,511,511,511,511,511,511,511,511,511,511,511,511,511,511,511,511,511,511,511,511,511,511,511,511,511,511,459,256,256,256,256,256,256,256,256,256,311,511,479,473,256,437,447,511,511,511,511,511,511,511,511,511,511,511,479,473,256,256,256,256,256,256,256,256,256,256,256,256,256,256,0
0,256,256,256,256,256,256,256,256,256,256,256,256,256,256,256,256,256,256,256,256,256,256,256,256,311,511,511,511,511,511,511,511,511,511,511,511,511,511,511,511,511,511,511,491,256,256,256,256,256,256,256,256,256,256,256,311,511,511,511,511,511,511,511,511,511,511,511,511,511,511,511,511,511,511,511,511,511,511,511,511,511,511,459,256,256,256,256,256,256,256,256,256,311,511,475,256,256,256,439,511,511,511,511,511,511,511,511,511,511,511,507,256,256,256,256,256,256,256,256,256,256,256,256,256,256,256,0
0,256,256,256,256,256,256,256,256,256,256,256,256,256,256,256,256,256,256,256,256,256,256,256,256,311,511,511,511,511,511,511,511,511,511,511,511,511,511,511,511,511,511,511,495,458,256,256,256,256,256,256,256,256,256,256,311,511,511,511,511,479,477,413,413,413,445,447,511,511,511,511,479,477,413,413,413,445,447,511,511,511,479,457,256,256,256,256,256,256,256,256,256,311,511,491,256,256,256,375,511,511,511,511,511,511,511,511,511,511,511,495,458,256,256,256,256,256,256,256,256,256,256,256,256,256,256,0
0,256,256,256,256,256,256,256,256,256,256,256,256,256,256,256,256,256,256,256,256,256,256,256,256,311,511,511,511,511,511,511,511,511,511,511,511,511,511,511,511,511,511,511,511,459,256,256,256,256,256,256,256,256,256,256,311,511,511,511,511,475,256,256,256,256,256,503,511,511,511,511,507,256,256,256,256,256,439,511,511,511,475,256,256,256,256,256,256,256,256,256,256,311,511,495,494,366,382,383,511,511,511,511,511,511,511,511,511,511,511,511,459,256,256,256,256,256,256,256,256,256,256,256,256,256,256,0
0,256,256,256,256,256,256,256,256,256,256,256,256,256,256,256,256,256,256,256,256,256,256,256,256,311,511,511,511,511,511,511,511,511,511,511,511,511,511,511,511,511,511,511,511,491,256,256,256,256,256,256,256,256,256,256,311,511,511,511,511,459,256,294,366,366,382,383,511,511,511,511,495,494,366,366,330,256,311,511,511,511,459,256,256,256,256,256,256,256,256,256,256,311,511,511,511,511,511,511,511,511,511,511,511,511,511,511,511,511,511,511,491,256,256,256,256,256,256,256,256,256,256,256,256,256,256,0
0,256,256,256,256,256,256,256,256,256,256,256,256,256,256,256,256,256,256,256,256,256,256,256,256,311,511,511,511,511,511,511,511,511,511,511,511,511,511,511,511,511,511,511,511,495,458,256,256,256,256,256,256,256,256,256,311,511,511,511,511,459,256,311,511,511,511,511,511,511,511,511,511,511,511,511,459,256,311,511,511,511,491,256,256,256,256,256,256,256,256,256,256,311,511,511,511,511,511,511,511,511,511,511,511,511,511,511,511,511,511,511,495,458,256,256,256,256,256,256,256,256,256,256,256,256,256,0
0,256,256,256,256,256,256,256,256,256,256,256,256,256,256,256,256,256,256,256,256,256,256,256,256,311,511,511,511,511,511,511,511,511,511,511,511,511,511,511,511,511,511,511,479,509,395,256,256,256,256,256,256,256,256,256,311,511,511,511,511,459,256,311,511,511,511,511,511,511,511,511,511,511,511,511,459,256,311,511,511,511,495,458,256,256,256,256,256,256,256,256,256,279,509,447,511,511,511,511,511,511,511,511,511,511,511,511,511,511,511,511,511,459,256,256,256,256,256,256,256,256,256,256,256,256,256,0
0,256,256,256,256,256,256,256,256,256,256,256,256,256,256,256,256,256,256,256,256,256,256,256,256,311,511,511,479,477,445,447,511,511,511,511,511,511,511,511,511,511,511,511,507,256,483,256,256,256,256,256,256,256,256,256,375,511,511,511,511,491,256,375,511,511,511,511,511,511,511,511,511,511,511,511,491,256,375,511,511,511,511,491,256,256,256,256,256,256,256,256,256,371,256,503,511,511,511,511,511,511,511,511,511,511,511,511,511,511,511,511,479,457,256,256,256,256,256,256,256,256,256,256,256,256,256,0
0,256,256,256,256,256,256,256,256,256,256,256,256,256,256,256,256,256,256,256,256,256,256,256,256,311,511,511,507,256,256,503,511,511,511,511,511,511,511,511,511,511,511,511,495,510,367,494,366,366,366,366,366,366,366,382,383,511,511,511,511,495,510,383,511,511,511,511,511,479,477,445,447,511,511,511,495,510,383,511,511,511,511,495,494,366,366,366,366,366,366,366,382,367,510,383,511,511,511,511,511,511,511,511,511,511,511,511,511,511,511,511,507,256,256,256,256,256,256,256,256,256,256,256,256,256,256,0
0,256,256,256,256,256,256,256,256,256,256,256,256,256,256,256,256,256,256,256,256,256,256,256,256,311,511,511,463,492,318,383,511,511,511,479,477,445,447,511,511,511,511,511,511,511,511,511,511,511,511,511,511,511,511,511,511,511,511,511,511,511,511,511,511,511,511,511,511,475,256,256,439,511,511,511,511,511,511,511,511,511,511,511,511,511,511,511,511,511,511,511,511,511,511,511,511,511,511,511,511,511,511,511,511,511,511,511,511,511,511,511,495,494,330,256,256,256,256,256,256,256,256,256,256,256,256,0
0,256,256,256,256,256,256,256,256,256,256,256,256,256,256,256,256,256,256,256,256,256,256,256,256,311,511,511,507,256,503,511,511,511,511,475,256,256,439,511,511,511,511,511,511,511,511,511,511,511,511,511,511,511,511,511,511,511,511,511,511,511,511,511,511,511,511,511,511,491,256,256,375,511,511,511,511,511,511,511,511,511,511,511,511,511,511,511,511,511,511,511,511,511,511,511,511,511,511,511,511,511,511,511,511,511,511,511,511,511,511,511,479,509,395,256,256,256,256,256,256,256,256,256,256,256,256,0
0,256,256,256,256,256,256,256,256,256,256,256,256,256,256,256,256,256,256,256,256,256,256,256,256,311,511,511,463,476,317,447,511,511,511,491,256,256,375,511,511,511,511,511,511,511,511,511,511,511,511,511,511,511,511,511,511,511,511,511,511,511,511,511,511,511,511,511,511,495,494,382,383,511,511,511,511,511,511,511,511,511,511,511,511,511,511,511,511,511,511,511,511,511,511,511,511,511,511,511,511,511,511,511,511,511,511,511,511,511,511,511,507,256,451,256,256,256,256,256,256,256,256,256,256,256,256,0
0,256,256,256,256,256,256,256,256,256,256,256,256,256,256,256,256,256,256,256,256,256,256,256,256,311,511,511,507,256,256,503,511,511,511,495,494,382,383,511,511,511,511,511,511,511,511,511,511,511,511,511,511,511,511,511,511,511,511,511,511,511,511,511,511,511,511,511,511,511,511,511,511,511,511,511,511,511,511,511,511,511,511,511,511,511,511,511,511,511,511,511,511,511,511,511,511,511,511,511,511,511,511,511,511,511,511,511,511,511,511,511,463,476,265,256,256,256,256,256,256,256,256,256,256,256,256,0
0,256,256,256,256,256,256,256,256,256,256,256,256,256,256,256,256,256,256,256,256,256,256,256,256,311,511,511,495,494,382,383,511,511,511,511,511,511,511,511,511,511,511,511,479,509,415,477,413,413,413,413,413,413,413,445,447,511,511,511,511,479,509,447,511,511,511,511,511,511,511,511,511,511,511,511,479,509,447,511,511,511,511,479,477,413,413,413,413,413,413,413,445,415,509,415,477,413,445,447,511,511,511,511,511,511,511,511,511,511,511,511,507,256,256,256,256,256,256,256,256,256,256,256,256,256,256,0
0,256,256,256,256,256,256,256,256,256,256,256,256,256,256,256,256,256,256,256,256,256,256,256,256,311,511,511,511,511,511,511,511,511,511,511,511,511,511,511,511,511,511,511,507,256,467,256,256,256,256,256,256,256,256,256,439,511,511,511,511,475,256,439,511,511,511,511,511,511,511,511,511,511,511,511,475,256,439,511,511,511,511,475,256,256,256,256,256,256,256,256,256,435,256,467,256,256,256,439,511,511,511,511,511,511,511,511,511,511,511,511,495,458,256,256,256,256,256,256,256,256,256,256,256,256,256,0
0,256,256,256,256,256,256,256,256,256,256,256,256,256,256,256,256,256,256,256,256,256,256,256,256,311,511,511,511,511,511,511,511,511,511,511,511,511,511,511,511,511,511,511,495,510,331,256,256,256,256,256,256,256,256,256,311,511,511,511,511,459,256,311,511,511,511,511,511,511,511,511,511,511,511,511,459,256,311,511,511,511,479,457,256,256,256,256,256,256,256,256,256,295,510,363,256,256,256,375,511,511,511,511,511,511,511,511,511,511,511,511,511,459,256,256,256,256,256,256,256,256,256,256,256,256,256,0
0,256,256,256,256,256,256,256,256,256,256,256,256,256,256,256,256,256,256,256,256,256,256,256,256,311,511,511,511,511,511,511,511,511,511,511,511,511,511,511,511,511,511,511,511,479,457,256,256,256,256,256,256,256,256,256,311,511,511,511,511,459,256,311,511,511,511,511,511,511,511,511,511,511,511,511,459,256,311,511,511,511,475,256,256,256,256,256,256,256,256,256,256,311,511,495,494,366,382,383,511,511,511,511,511,511,511,511,511,511,511,511,511,491,256,256,256,256,256,256,256,256,256,256,256,256,256,0
0,256,256,256,256,256,256,256,256,256,256,256,256,256,256,256,256,256,256,256,256,256,256,256,256,311,511,511,511,511,511,511,511,511,511,511,511,511,511,511,511,511,511,511,511,475,256,256,256,256,256,256,256,256,256,256,311,511,511,511,511,459,256,277,413,413,445,447,511,511,511,479,477,413,413,413,393,256,311,511,511,511,459,256,256,256,256,256,256,256,256,256,256,311,511,511,511,511,511,511,511,479,509,447,511,511,511,511,511,511,511,511,479,461,392,256,256,256,256,256,256,256,256,256,256,256,256,0
0,256,256,256,256,256,256,256,256,256,256,256,256,256,256,256,256,256,256,256,256,256,256,256,256,311,511,511,511,511,511,511,511,511,511,511,511,511,511,511,511,511,511,511,511,459,256,256,256,256,256,256,256,256,256,256,311,511,511,511,511,491,256,256,256,256,256,503,511,511,511,507,256,256,256,256,256,256,375,511,511,511,491,256,256,256,256,256,256,256,256,256,256,311,511,511,479,477,413,445,415,473,256,439,511,511,511,511,511,511,511,511,475,256,256,256,256,256,256,256,256,256,256,256,256,256,256,0
0,256,256,256,256,256,256,256,256,256,256,256,256,256,256,256,256,256,256,256,256,256,256,256,256,311,511,511,511,511,511,511,511,511,511,511,511,511,511,511,511,511,511,511,511,459,256,256,256,256,256,256,256,256,256,256,311,511,511,511,511,495,494,366,366,366,382,383,511,511,511,495,494,366,366,366,366,382,383,511,511,511,495,458,256,256,256,256,256,256,256,256,256,311,511,511,475,256,256,256,403,256,256,309,447,511,511,511,511,511,511,479,457,256,256,256,256,256,256,256,256,256,256,256,256,256,256,0
0,256,256,256,256,256,256,256,256,256,256,256,256,256,256,256,256,256,256,256,256,256,256,256,256,311,511,511,511,511,511,511,511,511,511,511,511,511,511,511,511,511,479,509,447,459,256,256,256,256,256,256,256,256,256,256,311,511,511,511,511,511,511,511,511,511,511,511,511,511,511,511,511,511,511,511,511,511,511,511,511,511,511,459,256,256,256,256,256,256,256,256,256,311,511,511,459,256,256,256,355,256,256,256,503,511,511,511,511,511,511,475,256,256,256,256,256,256,256,256,256,256,256,256,256,256,256,0
0,256,256,256,256,256,256,256,256,256,256,256,256,256,256,256,256,256,256,256,256,256,256,256,256,311,511,511,511,511,511,511,511,511,511,511,511,511,511,511,511,511,475,256,439,459,256,256,256,256,256,256,256,256,256,256,311,511,511,511,511,511,511,511,511,511,511,511,511,511,511,511,511,511,511,511,511,511,511,511,511,511,511,459,256,256,256,256,256,256,256,256,256,311,511,511,491,256,358,382,367,494,366,382,383,511,511,511,511,511,511,459,256,256,256,256,256,256,256,256,256,256,256,256,256,256,256,0
0,256,256,256,256,256,256,256,256,256,256,256,256,256,256,256,256,256,256,256,256,256,256,256,256,311,511,511,511,511,511,479,509,447,511,511,511,511,479,509,447,511,459,256,311,459,256,256,256,256,256,256,256,256,256,256,311,511,511,511,511,511,511,511,511,511,511,511,511,511,511,511,511,511,511,511,511,511,511,511,511,511,511,459,256,256,256,256,256,256,256,256,256,311,511,511,495,510,383,511,511,479,509,447,511,511,511,511,479,509,415,457,256,256,256,256,256,256,256,256,256,256,256,256,256,256,256,0
0,256,256,256,256,256,256,256,256,256,256,256,256,256,256,256,256,256,256,256,256,256,256,256,256,309,447,511,511,511,511,507,256,503,511,511,511,511,507,256,503,511,491,256,375,459,256,256,256,256,256,256,256,256,256,256,311,511,511,511,511,511,511,511,511,511,511,511,511,511,511,511,511,511,511,511,511,511,511,511,511,511,511,459,256,256,256,256,256,256,256,256,256,309,447,511,511,511,511,511,511,507,256,503,511,511,511,511,507,256,467,256,256,256,256,256,256,256,256,256,256,256,256,256,256,256,256,0
0,256,256,256,256,256,256,256,256,256,256,256,256,256,256,256,256,256,256,256,256,256,256,256,256,256,405,413,413,413,413,397,444,319,511,511,511,511,463,476,285,413,397,412,285,393,256,256,256,256,256,256,256,256,256,256,277,413,413,413,413,413,413,413,413,413,445,447,511,511,511,511,479,477,413,413,413,413,413,413,413,413,413,393,256,256,256,256,256,256,256,256,256,256,405,413,413,413,413,413,413,397,444,319,511,511,511,511,463,476,265,256,256,256,256,256,256,256,256,256,256,256,256,256,256,256,256,0
0,256,256,256,256,256,256,256,256,256,256,256,256,256,256,256,256,256,256,256,256,256,256,256,256,256,256,256,256,256,256,256,256,439,511,511,511,511,475,256,256,256,256,256,256,256,256,256,256,256,256,256,256,256,256,256,256,256,256,256,256,256,256,256,256,256,256,439,511,511,511,511,475,256,256,256,256,256,256,256,256,256,256,256,256,256,256,256,256,256,256,256,256,256,256,256,256,256,256,256,256,256,256,439,511,511,511,511,475,256,256,256,256,256,256,256,256,256,256,256,256,256,256,256,256,256,256,0
0,256,256,256,256,256,256,256,256,256,256,256,256,256,256,256,256,256,256,256,256,256,256,256,256,256,256,256,256,256,256,256,256,311,511,511,511,511,459,256,256,256,256,256,256,256,256,256,256,256,256,256,256,256,256,256,256,256,256,256,256,256,256,256,256,256,256,311,511,511,511,511,459,256,256,256,256,256,256,256,256,256,256,256,256,256,256,256,256,256,256,256,256,256,256,256,256,256,256,256,256,256,256,311,511,511,511,511,459,256,256,256,256,256,256,256,256,256,256,256,256,256,256,256,256,256,256,0
0,256,256,256,256,256,256,256,256,256,256,256,256,256,256,256,256,256,256,256,256,256,256,256,256,256,256,256,256,256,256,256,256,311,511,511,511,511,459,256,256,256,256,256,256,256,256,256,256,256,256,256,256,256,256,256,256,256,256,256,256,256,256,256,256,256,256,311,511,511,511,511,459,256,256,256,256,256,256,256,256,256,256,256,256,256,256,256,256,256,256,256,256,256,256,256,256,256,256,256,256,256,256,311,511,511,511,511,459,256,256,256,256,256,256,256,256,256,256,256,256,256,256,256,256,256,256,0
0,256,256,256,256,256,256,256,256,256,256,256,256,256,256,256,256,256,256,256,256,256,256,256,256,256,256,256,256,256,256,256,256,311,511,511,511,511,459,256,256,256,256,256,256,256,256,256,256,256,256,256,256,256,256,256,256,256,256,256,256,256,256,256,256,256,256,311,511,511,511,511,459,256,256,256,256,256,256,256,256,256,256,256,256,256,256,256,256,256,256,256,256,256,256,256,256,256,256,256,256,256,256,311,511,511,511,511,459,256,256,256,256,256,256,256,256,256,256,256,256,256,256,256,256,256,256,0
0,256,256,256,256,256,256,256,256,256,256,256,256,256,256,256,256,256,256,256,256,256,256,256,256,256,256,256,256,256,256,256,256,311,511,511,511,511,459,256,256,256,256,256,256,256,256,256,256,256,256,256,256,256,256,256,256,256,256,256,256,256,256,256,256,256,256,311,511,511,511,511,459,256,256,256,256,256,256,256,256,256,256,256,256,256,256,256,256,256,256,256,256,256,256,256,256,256,256,256,256,256,256,311,511,511,511,511,459,256,256,256,256,256,256,256,256,256,256,256,256,256,256,256,256,256,256,0
0,256,256,256,256,256,256,256,256,256,256,256,256,256,256,256,256,256,256,256,256,256,256,256,256,256,256,256,256,256,256,256,256,311,511,511,511,511,459,256,256,256,256,256,256,256,256,256,256,256,256,256,256,256,256,256,256,256,256,256,256,256,256,256,256,256,256,311,511,511,511,511,459,256,256,256,256,256,256,256,256,256,256,256,256,256,256,256,256,256,256,256,256,256,256,256,256,256,256,256,256,256,256,375,511,511,511,511,491,256,256,256,256,256,256,256,256,256,256,256,256,256,256,256,256,256,256,0
0,256,256,256,256,256,256,256,256,256,256,256,256,256,256,256,256,256,256,256,256,256,256,256,256,256,256,256,256,256,256,256,256,311,511,511,511,511,459,256,256,256,256,256,256,256,256,256,256,256,256,256,256,256,256,256,256,256,256,256,256,256,256,256,256,256,256,311,511,511,511,511,459,256,256,256,256,256,256,256,256,256,256,256,256,256,256,256,256,256,256,256,294,366,366,366,366,366,366,366,366,366,382,383,511,511,511,511,495,494,366,366,366,366,366,330,256,256,256,256,256,256,256,256,256,256,256,0
0,256,256,256,256,256,256,256,256,256,256,256,256,256,256,256,256,256,256,256,256,256,256,256,256,256,256,256,256,256,256,256,256,311,511,511,511,511,459,256,256,256,256,256,256,256,256,256,256,256,256,256,256,256,256,256,256,256,256,256,256,256,256,256,256,256,256,311,511,511,511,511,459,256,256,256,256,256,256,256,256,256,256,256,256,256,256,256,256,256,256,256,311,511,511,511,511,511,511,511,511,511,511,511,511,511,511,511,511,511,511,511,511,511,511,459,256,256,256,256,256,256,256,256,256,256,256,0
0,256,256,256,256,256,256,256,256,256,256,256,256,256,256,256,256,256,256,256,256,256,256,256,256,256,256,256,256,256,256,256,256,311,511,511,511,511,459,256,256,256,256,256,256,256,256,256,256,256,256,256,256,256,256,256,256,256,256,256,256,256,256,256,256,256,256,375,511,511,511,511,491,256,256,256,256,256,256,256,256,256,256,256,256,256,256,256,256,256,256,256,311,511,511,511,511,511,511,511,511,511,511,479,477,445,447,479,477,413,413,445,447,511,511,459,256,256,256,256,256,256,256,256,256,256,256,0
0,256,256,256,256,256,256,256,256,256,256,256,256,256,256,256,256,256,256,256,256,256,256,256,256,256,256,256,256,256,256,256,256,311,511,511,511,511,459,256,256,256,256,256,256,256,256,256,256,256,256,256,256,256,256,256,256,256,256,256,256,256,358,366,366,334,380,319,511,511,511,511,463,492,302,362,256,256,256,256,256,256,358,330,256,256,256,256,256,256,256,256,311,511,511,479,477,413,413,413,413,413,413,409,256,256,1207,1243,256,256,256,256,405,413,413,393,256,256,256,256,256,256,256,256,256,256,256,0
0,256,256,256,256,256,256,256,256,256,256,256,256,256,256,256,256,256,256,256,256,256,256,256,256,256,256,256,256,256,256,256,256,311,511,511,511,511,459,256,256,256,256,256,256,256,256,256,256,256,256,256,256,256,256,256,294,366,366,366,366,382,383,511,511,507,256,503,511,511,511,511,507,256,503,495,494,366,366,366,366,382,383,459,256,256,256,256,256,256,256,256,311,511,511,475,256,256,256,256,256,256,256,256,256,256,1079,1227,256,256,256,256,256,256,256,256,256,256,256,256,256,256,256,256,256,256,256,0
0,256,256,256,256,256,256,256,256,256,256,256,256,256,256,256,256,256,256,256,256,256,256,256,256,256,256,256,256,256,256,256,256,311,511,511,511,511,459,256,256,256,256,256,256,256,256,256,256,256,256,256,256,256,256,256,311,511,479,509,447,511,479,509,447,495,510,383,511,511,511,511,495,510,383,511,511,511,511,511,511,479,477,393,256,256,256,256,256,256,256,256,311,511,511,459,256,294,366,366,362,256,256,256,256,256,1143,1259,256,256,256,256,256,358,366,330,256,256,256,256,256,256,256,256,256,256,256,0
0,256,256,256,256,256,256,256,256,256,256,256,256,256,256,256,256,256,256,256,256,256,256,256,256,256,256,256,256,256,256,256,256,311,511,511,511,511,459,256,256,256,256,256,256,256,256,256,256,256,256,256,256,256,256,256,279,477,409,256,437,415,473,256,439,511,511,511,511,511,511,511,511,511,511,511,511,511,511,511,479,473,256,256,256,256,256,256,256,256,256,256,311,511,511,459,256,311,511,511,495,494,366,366,366,382,1151,1263,494,366,366,366,382,383,511,459,256,256,256,256,256,256,256,256,256,256,256,0
0,256,256,256,256,256,256,256,256,256,256,256,256,256,256,256,256,256,256,256,256,256,256,256,256,256,256,256,256,256,256,256,256,311,511,511,511,511,459,256,256,256,256,256,256,256,256,256,256,256,256,256,256,256,256,256,275,256,256,256,256,403,256,256,311,511,511,511,511,511,511,511,511,511,511,511,511,511,511,511,507,256,256,256,256,256,256,256,256,256,256,256,311,511,511,459,256,311,511,511,511,511,511,511,511,511,511,511,511,511,511,511,511,511,511,459,256,256,256,256,256,256,256,256,256,256,256,0
0,256,256,256,256,256,256,256,256,256,256,256,256,256,256,256,256,256,256,256,256,256,256,256,256,256,256,256,256,256,256,256,256,311,511,511,511,511,459,256,256,256,256,256,256,256,256,256,256,256,256,256,256,256,256,256,291,256,256,256,256,355,256,256,375,511,511,511,511,511,511,511,511,511,511,511,511,511,511,511,495,458,256,256,256,256,256,256,256,256,256,256,311,511,511,459,256,311,511,511,511,511,511,511,511,511,511,511,511,511,511,511,511,511,511,459,256,256,256,256,256,256,256,256,256,256,256,0
0,256,256,256,256,256,256,256,256,256,256,256,256,256,256,256,256,256,256,256,256,256,256,256,256,256,256,256,256,256,256,256,256,311,511,511,511,511,459,256,256,256,256,256,256,256,256,256,256,256,256,256,256,256,256,256,263,492,302,366,382,367,494,382,383,511,511,511,511,511,511,511,511,511,511,511,511,511,511,511,511,491,256,256,256,256,256,256,256,256,256,256,311,511,479,457,256,311,511,511,511,511,511,511,511,511,479,477,413,445,447,511,511,511,511,459,256,256,256,256,256,256,256,256,256,256,256,0
0,256,256,256,256,256,256,256,256,256,256,256,256,256,256,256,256,256,256,256,256,256,256,256,256,256,256,256,256,256,256,256,256,311,511,511,511,511,491,256,256,256,256,256,256,256,256,256,256,256,256,256,256,256,256,256,371,256,503,511,511,511,511,511,511,511,511,511,511,511,511,511,511,511,511,511,511,511,511,511,511,495,490,256,256,256,256,256,256,256,256,256,311,511,475,256,256,311,511,511,511,511,511,511,511,511,507,512,512,512,437,447,511,511,479,457,256,256,256,256,256,256,256,256,256,256,256,0
0,256,256,256,256,256,256,256,256,256,256,256,256,256,256,256,256,256,256,256,256,256,256,256,256,256,256,256,256,256,256,256,256,311,511,511,511,511,495,494,366,366,366,366,366,366,366,366,366,366,366,366,366,366,366,382,367,510,383,511,511,511,511,511,511,511,511,511,511,511,511,511,511,511,511,511,511,511,511,511,511,479,493,394,256,256,256,256,256,256,256,256,311,511,459,256,256,309,447,511,511,511,511,511,511,511,495,714,512,512,512,437,447,511,475,256,256,256,256,256,256,256,256,256,256,256,256,0
0,256,256,256,256,256,256,256,256,256,256,256,256,256,256,256,256,256,256,256,256,256,256,256,256,256,256,256,256,256,256,256,256,311,511,511,511,511,511,511,511,511,511,511,511,511,511,511,511,511,511,511,511,511,511,511,511,511,511,511,511,511,511,511,511,511,511,479,509,447,511,511,479,509,447,511,511,511,511,511,511,507,256,483,256,256,256,256,256,256,256,256,375,511,459,256,256,256,439,511,511,511,511,511,511,511,479,457,512,512,512,512,439,511,459,256,256,256,256,256,256,256,256,256,256,256,256,0
0,256,256,256,256,256,256,256,256,256,256,256,256,256,256,256,256,256,256,256,256,256,256,256,256,256,256,256,256,256,256,256,256,311,511,511,511,511,511,511,511,511,511,511,511,511,511,511,511,511,511,511,511,511,511,511,511,511,511,511,511,511,511,511,511,511,511,475,256,407,509,447,475,256,439,511,511,511,511,511,511,495,510,367,494,366,366,366,366,366,366,382,383,511,459,256,256,256,311,511,511,511,511,511,511,511,507,512,512,512,512,512,311,511,491,256,256,256,256,256,256,256,256,256,256,256,256,0
0,256,256,256,256,256,256,256,256,256,256,256,256,256,256,256,256,256,256,256,256,256,256,256,256,256,256,256,256,256,256,256,256,311,511,511,511,511,511,511,511,511,511,511,511,511,511,511,511,511,511,511,511,511,511,511,511,511,511,511,511,511,511,511,511,511,511,491,256,371,256,503,491,256,375,511,511,511,511,511,511,511,511,511,511,511,511,511,511,511,511,511,511,511,491,256,256,256,375,511,511,511,511,511,511,511,495,746,512,512,512,512,375,511,495,458,256,256,256,256,256,256,256,256,256,256,256,0
0,256,256,256,256,256,256,256,256,256,256,256,256,256,256,256,256,256,256,256,256,256,256,256,256,256,256,256,256,256,256,256,256,309,447,511,511,511,511,511,511,511,511,511,511,511,511,511,511,511,511,511,511,511,511,511,511,511,511,511,511,511,511,511,511,511,511,495,510,367,510,383,495,510,383,511,511,511,511,511,511,511,511,511,511,511,511,511,511,511,511,511,511,511,495,1262,1134,1150,383,511,511,511,511,511,511,511,511,495,750,622,622,638,383,511,479,457,256,256,256,256,256,256,256,256,256,256,256,0
0,256,256,256,256,256,256,256,256,256,256,256,256,256,256,256,256,256,256,256,256,256,256,256,256,256,256,256,256,256,256,256,256,256,405,413,413,413,413,413,413,413,413,413,413,413,413,413,413,413,413,413,413,413,413,445,415,509,447,511,511,511,511,511,511,511,511,511,511,511,511,511,511,511,511,511,511,511,511,511,511,511,511,511,511,511,511,511,511,511,511,511,511,511,479,1245,1181,1213,447,511,511,511,511,511,511,511,511,511,511,511,511,511,511,511,475,256,256,256,256,256,256,256,256,256,256,256,256,0
0,256,256,256,256,256,256,256,256,256,256,256,256,256,256,256,256,256,256,256,256,256,256,256,256,256,256,256,256,256,256,256,256,256,256,256,256,256,256,256,256,256,256,256,256,256,256,256,256,256,256,256,256,256,256,256,435,256,503,511,511,511,511,511,511,511,511,511,511,511,511,511,511,511,511,511,511,511,511,511,511,479,509,415,477,413,413,413,413,413,413,445,447,511,475,1024,1024,1024,439,511,511,511,511,511,511,511,511,511,511,511,511,511,511,511,459,256,256,256,256,256,256,256,256,256,256,256,256,0
0,256,256,256,256,256,256,256,256,256,256,256,256,256,256,256,256,256,256,256,256,256,256,256,256,256,256,256,256,256,256,256,256,256,256,256,256,256,256,256,256,256,256,256,256,256,256,256,256,256,256,256,256,256,256,256,263,476,317,415,509,447,511,511,511,511,511,511,511,511,511,511,511,511,511,511,511,511,511,511,511,507,256,467,256,256,256,256,256,256,256,256,439,511,459,256,256,256,375,511,511,511,511,511,511,511,511,511,511,511,511,511,511,511,491,256,256,256,256,256,256,256,256,256,256,256,256,0
0,256,256,256,256,256,256,256,256,256,256,256,256,256,256,256,256,256,256,256,256,256,256,256,256,256,256,256,256,256,256,256,256,256,256,256,256,256,256,256,256,256,256,256,256,256,256,256,256,256,256,256,256,256,256,256,275,256,256,435,256,503,511,511,511,511,511,511,511,511,511,511,511,511,479,477,413,413,413,445,447,495,510,331,256,256,256,256,256,256,256,256,311,511,459,256,256,310,383,511,511,511,511,511,511,511,511,511,511,511,511,511,511,511,495,458,256,256,256,256,256,256,256,256,256,256,256,0
0,256,256,256,256,256,256,256,256,256,256,256,256,256,256,256,256,256,256,256,256,256,256,256,256,256,256,256,256,256,256,256,256,256,256,256,256,256,256,256,256,256,256,256,256,256,256,256,256,256,256,256,256,256,256,256,259,256,256,293,446,383,511,511,511,511,511,511,511,511,511,511,511,511,475,256,256,256,256,256,439,511,479,457,256,256,256,256,256,256,256,256,311,511,459,256,256,311,511,511,511,511,511,511,511,511,511,511,511,511,511,511,511,511,511,459,256,256,256,256,256,256,256,256,256,256,256,0
0,256,256,256,256,256,256,256,256,256,256,256,256,256,256,256,256,256,256,256,256,256,256,256,256,256,256,256,256,256,256,256,256,256,256,256,256,256,256,256,256,256,256,256,256,256,256,256,256,256,256,256,256,256,256,256,259,256,256,256,503,511,511,511,511,511,511,511,511,511,511,511,511,511,491,256,256,256,256,256,375,511,475,256,256,256,256,256,256,256,256,256,311,511,491,256,256,311,511,511,511,511,511,511,511,511,511,511,511,511,511,511,511,511,511,459,256,256,256,256,256,256,256,256,256,256,256,0
0,256,256,256,256,256,256,256,256,256,256,256,256,256,256,256,256,256,256,256,256,256,256,256,256,256,256,256,256,256,256,256,256,256,256,256,256,256,256,256,256,256,256,256,256,256,256,256,256,256,256,256,256,256,256,256,291,256,256,374,383,511,511,511,511,511,511,511,511,511,511,511,511,511,495,494,366,362,256,374,383,511,491,256,256,256,256,256,256,256,256,256,311,511,495,458,256,311,511,511,511,511,511,511,511,511,511,511,511,511,511,511,511,511,511,459,256,256,256,256,256,256,256,256,256,256,256,0
0,256,256,256,256,256,256,256,256,256,256,256,256,256,256,256,256,256,256,256,256,256,256,256,256,256,256,256,256,256,256,256,256,256,256,256,256,256,256,256,256,256,256,256,256,256,256,256,256,256,256,256,256,256,256,256,293,430,382,383,511,511,511,511,511,511,511,511,511,511,511,511,511,511,511,511,511,495,510,383,511,511,495,458,256,256,256,256,256,256,256,256,309,447,511,459,256,311,511,511,511,511,511,511,511,511,511,511,511,511,511,511,511,511,511,459,256,256,256,256,256,256,256,256,256,256,256,0
0,256,256,256,256,256,256,256,256,256,256,256,256,256,256,256,256,256,256,256,256,256,256,256,256,256,256,256,256,256,256,256,256,256,256,256,256,256,256,256,256,256,256,256,256,256,256,256,256,256,256,256,256,256,256,256,256,405,413,413,413,413,413,413,413,413,413,413,413,413,413,413,413,413,413,413,413,413,413,413,413,413,413,393,256,256,256,256,256,256,256,256,256,405,413,393,256,277,413,413,413,413,413,413,413,413,413,413,413,413,413,413,413,413,413,393,256,256,256,256,256,256,256,256,256,256,256,0
0,256,256,256,256,256,256,256,256,256,256,256,256,256,256,256,256,256,256,256,256,256,256,256,256,256,256,256,256,256,256,256,256,256,256,256,256,256,256,256,256,256,256,256,256,256,256,256,256,256,256,256,256,256,256,256,256,256,256,256,256,256,256,256,256,256,256,256,256,256,256,256,256,256,256,256,256,256,256,256,256,256,256,256,256,256,256,256,256,256,256,256,256,256,256,256,256,256,256,256,256,256,256,256,256,256,256,256,256,256,256,256,256,256,256,256,256,256,256,256,256,256,256,256,256,256,256,0
0,256,256,256,256,256,256,256,256,256,256,256,256,256,256,256,256,256,256,256,256,256,256,256,256,256,256,256,256,256,256,256,256,256,256,256,256,256,256,256,256,256,256,256,256,256,256,256,256,256,256,256,256,256,256,256,256,256,256,256,256,256,256,256,256,256,256,256,256,256,256,256,256,256,256,256,256,256,256,256,256,256,256,256,256,256,256,256,256,256,256,256,256,256,256,256,256,256,256,256,256,256,256,256,256,256,256,256,256,256,256,256,256,256,256,256,256,256,256,256,256,256,256,256,256,256,256,0
0,256,256,256,256,256,256,256,256,256,256,256,256,256,256,256,256,256,256,256,256,256,256,256,256,256,256,256,256,256,256,256,256,256,256,256,256,256,256,256,256,256,256,256,256,256,256,256,256,256,256,256,256,256,256,256,256,256,256,256,256,256,256,256,256,256,256,256,256,256,256,256,256,256,256,256,256,256,256,256,256,256,256,256,256,256,256,256,256,256,256,256,256,256,256,256,256,256,256,256,256,256,256,256,256,256,256,256,256,256,256,256,256,256,256,256,256,256,256,256,256,256,256,256,256,256,256,0
0,256,256,256,256,256,256,256,256,256,256,256,256,256,256,256,256,256,256,256,256,256,256,256,256,256,256,256,256,256,256,256,256,256,256,256,256,256,256,256,256,256,256,256,256,256,256,256,256,256,256,256,256,256,256,256,256,256,256,256,256,256,256,256,256,256,256,256,256,256,256,256,256,256,256,256,256,256,256,256,256,256,256,256,256,256,256,256,256,256,256,256,256,256,256,256,256,256,256,256,256,256,256,256,256,256,256,256,256,256,256,256,256,256,256,256,256,256,256,256,256,256,256,256,256,256,256,0
0,256,256,256,256,256,256,256,256,256,256,256,256,256,256,256,256,256,256,256,256,256,256,256,256,256,256,256,256,256,256,256,256,256,256,256,256,256,256,256,256,256,256,256,256,256,256,256,256,256,256,256,256,256,256,256,256,256,256,256,256,256,256,256,256,256,256,256,256,256,256,256,256,256,256,256,256,256,256,256,256,256,256,256,256,256,256,256,256,256,256,256,256,256,256,256,256,256,256,256,256,256,256,256,256,256,256,256,256,256,256,256,256,256,256,256,256,256,256,256,256,256,256,256,256,256,256,0
0,256,256,256,256,256,256,256,256,256,256,256,256,256,256,256,256,256,256,256,256,256,256,256,256,256,256,256,256,256,256,256,256,256,256,256,256,256,256,256,256,256,256,256,256,256,256,256,256,256,256,256,256,256,256,256,256,256,256,256,256,256,256,256,256,256,256,256,256,256,256,256,256,256,256,256,256,256,256,256,256,256,256,256,256,256,256,256,256,256,256,256,256,256,256,256,256,256,256,256,256,256,256,256,256,256,256,256,256,256,256,256,256,256,256,256,256,256,256,256,256,256,256,256,256,256,256,0
0,256,256,256,256,256,256,256,256,256,256,256,256,256,256,256,256,256,256,256,256,256,256,256,256,256,256,256,256,256,256,256,256,256,256,256,256,256,256,256,256,256,256,256,256,256,256,256,256,256,256,256,256,256,256,256,256,256,256,256,256,256,256,256,256,256,256,256,256,256,256,256,256,256,256,256,256,256,256,256,256,256,256,256,256,256,256,256,256,256,256,256,256,256,256,256,256,256,256,256,256,256,256,256,256,256,256,256,256,256,256,256,256,256,256,256,256,256,256,256,256,256,256,256,256,256,256,0
0,256,256,256,256,256,256,256,256,256,256,256,256,256,256,256,256,256,256,256,256,256,256,256,256,256,256,256,256,256,256,256,256,256,256,256,256,256,256,256,256,256,256,256,256,256,256,256,256,256,256,256,256,256,256,256,256,256,256,256,256,256,256,256,256,256,256,256,256,256,256,256,256,256,256,256,256,256,256,256,256,256,256,256,256,256,256,256,256,256,256,256,256,256,256,256,256,256,256,256,256,256,256,256,256,256,256,256,256,256,256,256,256,256,256,256,256,256,256,256,256,256,256,256,256,256,256,0
0,256,256,256,256,256,256,256,256,256,256,256,256,256,256,256,256,256,256,256,256,256,256,256,256,256,256,256,256,256,256,256,256,256,256,256,256,256,256,256,256,256,256,256,256,256,256,256,256,256,256,256,256,256,256,256,256,256,256,256,256,256,256,256,256,256,256,256,256,256,256,256,256,256,256,256,256,256,256,256,256,256,256,256,256,256,256,256,256,256,256,256,256,256,256,256,256,256,256,256,256,256,256,256,256,256,256,256,256,256,256,256,256,256,256,256,256,256,256,256,256,256,256,256,256,256,256,0
0,256,256,256,256,256,256,256,256,256,256,256,256,256,256,256,256,256,256,256,256,256,256,256,256,256,256,256,256,256,256,256,256,256,256,256,256,256,256,256,256,256,256,256,256,256,256,256,256,256,256,256,256,256,256,256,256,256,256,256,256,256,256,256,256,256,256,256,256,256,256,256,256,256,256,256,256,256,256,256,256,256,256,256,256,256,256,256,256,256,256,256,256,256,256,256,256,256,256,256,256,256,256,256,256,256,256,256,256,256,256,256,256,256,256,256,256,256,256,256,256,256,256,256,256,256,256,0
0,256,256,256,256,256,256,256,256,256,256,256,256,256,256,256,256,256,256,256,256,256,256,256,256,256,256,256,256,256,256,256,256,256,256,256,256,256,256,256,256,256,256,256,256,256,256,256,256,256,256,256,256,256,256,256,256,256,256,256,256,256,256,256,256,256,256,256,256,256,256,256,256,256,256,256,256,256,256,256,256,256,256,256,256,256,256,256,256,256,256,256,256,256,256,256,256,256,256,256,256,256,256,256,256,256,256,256,256,256,256,256,256,256,256,256,256,256,256,256,256,256,256,256,256,256,256,0
0,256,256,256,256,256,256,256,256,256,256,256,256,256,256,256,256,256,256,256,256,256,256,256,256,256,256,256,256,256,256,256,256,256,256,256,256,256,256,256,256,256,256,256,256,256,256,256,256,256,256,256,256,256,256,256,256,256,256,256,256,256,256,256,256,256,256,256,256,256,256,256,256,256,256,256,256,256,256,256,256,256,256,256,256,256,256,256,256,256,256,256,256,256,256,256,256,256,256,256,256,256,256,256,256,256,256,256,256,256,256,256,256,256,256,256,256,256,256,256,256,256,256,256,256,256,256,0
0,256,256,256,256,256,256,256,256,256,256,256,256,256,256,256,256,256,256,256,256,256,256,256,256,256,256,256,256,256,256,256,256,256,256,256,256,256,256,256,256,256,256,256,256,256,256,256,256,256,256,256,256,256,256,256,256,256,256,256,256,256,256,256,256,256,256,256,256,256,256,256,256,256,256,256,256,256,256,256,256,256,256,256,256,256,256,256,256,256,256,256,256,256,256,256,256,256,256,256,256,256,256,256,256,256,256,256,256,256,256,256,256,256,256,256,256,256,256,256,256,256,256,256,256,256,256,0
0,256,256,256,256,256,256,256,256,256,256,256,256,256,256,256,256,256,256,256,256,256,256,256,256,256,256,256,256,256,256,256,256,256,256,256,256,256,256,256,256,256,256,256,256,256,256,256,256,256,256,256,256,256,256,256,256,256,256,256,256,256,256,256,256,256,256,256,256,256,256,256,256,256,256,256,256,256,256,256,256,256,256,256,256,256,256,256,256,256,256,256,256,256,256,256,256,256,256,256,256,256,256,256,256,256,256,256,256,256,256,256,256,256,256,256,256,256,256,256,256,256,256,256,256,256,256,0
0,256,256,256,256,256,256,256,256,256,256,256,256,256,256,256,256,256,256,256,256,256,256,256,256,256,256,256,256,256,256,256,256,256,256,256,256,256,256,256,256,256,256,256,256,256,256,256,256,256,256,256,256,256,256,256,256,256,256,256,256,256,256,256,256,256,256,256,256,256,256,256,256,256,256,256,256,256,256,256,256,256,256,256,256,256,256,256,256,256,256,256,256,256,256,256,256,256,256,256,256,256,256,256,256,256,256,256,256,256,256,256,256,256,256,256,256,256,256,256,256,256,256,256,256,256,256,0
0,256,256,256,256,256,256,256,256,256,256,256,256,256,256,256,256,256,256,256,256,256,256,256,256,256,256,256,256,256,256,256,256,256,256,256,256,256,256,256,256,256,256,256,256,256,256,256,256,256,256,256,256,256,256,256,256,256,256,256,256,256,256,256,256,256,256,256,256,256,256,256,256,256,256,256,256,256,256,256,256,256,256,256,256,256,256,256,256,256,256,256,256,256,256,256,256,256,256,256,256,256,256,256,256,256,256,256,256,256,256,256,256,256,256,256,256,256,256,256,256,256,256,256,256,256,256,0
0,256,256,256,256,256,256,256,256,256,256,256,256,256,256,256,256,256,256,256,256,256,256,256,256,256,256,256,256,256,256,256,256,256,256,256,256,256,256,256,256,256,256,256,256,256,256,256,256,256,256,256,256,256,256,256,256,256,256,256,256,256,256,256,256,256,256,256,256,256,256,256,256,256,256,256,256,256,256,256,256,256,256,256,256,256,256,256,256,256,256,256,256,256,256,256,256,256,256,256,256,256,256,256,256,256,256,256,256,256,256,256,256,256,256,256,256,256,256,256,256,256,256,256,256,256,256,0
0,0,0,0,0,0,0,0,0,0,0,0,0,0,0,0,0,0,0,0,0,0,0,0,0,0,0,0,0,0,0,0,0,0,0,0,0,0,0,0,0,0,0,0,0,0,0,0,0,0,0,0,0,0,0,0,0,0,0,0,0,0,0,0,0,0,0,0,0,0,0,0,0,0,0,0,0,0,0,0,0,0,0,0,0,0,0,0,0,0,0,0,0,0,0,0,0,0,0,0,0,0,0,0,0,0,0,0,0,0,0,0,0,0,0,0,0,0,0,0,0,0,0,0,0,0,0,0
