32704
32831
32704
32831
0,0,0,0,0,0,0,0,0,0,0,0,0,0,0,0,0,0,0,0,0,0,0,0,0,0,0,0,0,0,0,0,0,0,0,0,0,0,0,0,0,0,0,0,0,0,0,0,0,0,0,0,0,0,0,0,0,0,0,0,0,0,0,0,0,0,0,0,0,0,0,0,0,0,0,0,0,0,0,0,0,0,0,0,0,0,0,0,0,0,0,0,0,0,0,0,0,0,0,0,0,0,0,0,0,0,0,0,0,0,0,0,0,0,0,0,0,0,0,0,0,0,0,0,0,0,0,0
0,256,256,256,256,256,256,256,256,256,256,256,256,256,256,256,256,256,256,256,256,256,256,256,256,256,256,256,256,256,256,256,256,256,256,256,256,256,256,256,256,256,256,256,256,256,256,256,256,256,256,256,256,256,256,256,256,256,256,256,256,256,256,256,256,256,256,256,256,256,256,256,256,256,256,256,256,256,256,256,256,256,256,256,256,256,256,256,256,256,256,256,256,256,256,256,256,256,256,256,256,256,256,256,256,256,256,256,256,256,256,256,256,256,256,256,256,256,256,256,256,256,256,256,256,256,256,0
0,256,256,256,256,256,256,256,256,256,256,256,256,256,256,256,256,256,256,256,256,256,256,256,256,256,256,256,256,256,256,256,256,256,256,256,256,256,256,256,256,256,256,256,256,256,256,256,256,256,256,256,256,256,256,256,256,256,256,256,256,256,256,256,256,256,256,256,256,256,256,256,256,256,256,256,256,256,256,256,256,256,256,256,256,256,256,256,256,256,256,256,256,256,256,256,256,256,256,256,256,256,256,256,256,256,256,256,256,256,256,256,256,256,256,256,256,256,256,256,256,256,256,256,256,256,256,0
0,256,256,256,256,256,256,256,256,256,256,256,256,256,256,256,256,256,256,256,256,256,256,256,256,256,256,256,256,256,256,256,256,256,256,256,256,256,256,256,256,256,256,256,256,256,256,256,256,256,256,256,256,256,256,256,256,256,256,256,256,256,256,256,256,256,256,256,256,256,256,256,256,256,256,256,256,256,256,256,256,256,256,256,256,256,256,256,256,256,256,256,256,256,256,256,256,256,256,256,256,256,256,256,256,256,256,256,256,256,256,256,256,256,256,256,256,256,256,256,256,256,256,256,256,256,256,0
0,256,256,256,256,256,256,256,256,256,256,256,256,256,256,256,256,256,256,256,256,256,256,256,256,256,256,256,256,256,256,256,256,256,256,256,256,256,256,256,256,256,256,256,256,256,256,256,256,256,256,256,256,256,256,256,256,256,256,256,256,256,256,256,256,256,256,256,256,256,256,256,256,256,256,256,256,256,256,256,256,256,256,256,256,256,256,256,256,256,256,256,256,256,256,256,256,256,256,256,256,256,256,256,256,256,256,256,256,256,256,256,256,256,256,256,256,256,256,256,256,256,256,256,256,256,256,0
0,256,256,256,256,256,256,256,256,256,256,256,256,256,256,256,256,256,256,256,256,256,256,256,256,256,256,256,256,256,256,256,256,256,256,256,256,256,256,256,256,256,256,256,256,256,256,256,256,256,256,256,256,256,256,256,256,256,256,256,256,256,256,256,256,256,256,256,256,256,256,256,256,256,256,256,256,256,256,256,256,256,256,256,256,256,256,256,256,256,256,256,256,256,256,256,256,256,256,256,256,256,256,256,256,256,256,256,256,256,256,256,256,256,256,256,256,256,256,256,256,256,256,256,256,256,256,0
0,256,256,256,256,256,256,256,256,256,256,256,256,256,256,256,256,256,256,256,256,256,256,256,256,256,256,256,256,256,256,256,256,256,256,256,256,256,256,256,256,256,256,256,256,256,256,256,256,256,256,256,256,256,256,256,256,256,256,256,256,256,256,256,256,256,256,256,256,256,256,256,256,256,256,256,256,256,256,256,256,256,256,256,256,256,256,256,256,256,256,256,256,256,256,256,256,256,256,256,256,256,256,256,256,256,256,256,256,256,256,256,256,256,256,256,256,256,256,256,256,256,256,256,256,256,256,0
0,256,256,256,256,256,256,256,256,256,256,256,256,256,256,256,256,256,256,256,256,256,256,256,256,256,256,256,256,256,256,256,256,256,256,256,256,256,256,256,256,256,256,256,256,256,256,256,256,256,256,256,256,256,256,256,256,256,256,256,256,256,256,256,256,256,256,256,256,256,256,256,256,256,256,256,256,256,256,256,256,256,256,256,256,256,256,256,256,256,256,256,256,256,256,256,256,256,256,256,256,256,256,256,256,256,256,256,256,256,256,256,256,256,256,256,256,256,256,256,256,256,256,256,256,256,256,0
0,256,256,256,256,256,256,256,256,256,256,256,256,256,256,256,256,256,256,256,256,256,256,256,256,256,256,256,256,256,256,256,256,256,256,256,256,256,256,256,256,256,256,256,256,256,256,256,256,256,256,256,256,256,256,256,256,256,256,256,256,256,256,256,256,256,256,256,256,256,256,256,256,256,256,256,256,256,256,256,256,256,256,256,256,256,256,256,256,256,256,256,256,256,256,256,256,256,256,256,256,256,256,256,256,256,256,256,256,256,256,256,256,256,256,256,256,256,256,256,256,256,256,256,256,256,256,0
0,256,256,256,256,256,256,256,256,256,256,256,256,256,256,256,256,256,256,256,256,256,256,256,256,256,256,256,256,256,256,256,256,256,256,256,256,256,256,256,256,256,256,256,256,256,256,256,256,256,256,256,256,256,256,256,256,256,256,256,256,256,256,256,256,256,256,256,256,256,256,256,256,256,256,256,256,256,256,256,256,256,256,256,256,256,256,256,256,256,256,256,256,256,256,256,256,256,256,256,256,256,256,256,256,256,256,256,256,256,256,256,256,256,256,256,256,256,256,256,256,256,256,256,256,256,256,0
0,256,256,256,256,256,256,256,256,256,256,256,256,256,256,256,256,256,256,256,256,256,256,256,256,256,256,256,256,256,256,256,256,256,256,256,256,256,256,256,256,256,256,256,256,256,256,256,256,256,256,256,256,256,256,256,256,256,256,256,256,256,256,256,256,256,256,256,256,256,256,256,256,256,256,256,256,256,256,256,256,256,256,256,256,256,256,256,256,256,256,256,256,256,256,256,256,256,256,256,256,256,256,256,256,256,256,256,256,256,256,256,256,256,256,256,256,256,256,256,256,256,256,256,256,256,256,0
0,256,256,256,256,256,256,256,256,256,256,256,256,256,256,256,256,256,256,256,256,256,256,256,256,256,256,256,256,256,256,256,256,256,256,256,256,256,256,256,256,256,256,256,256,256,256,256,256,256,256,256,256,256,256,256,256,256,256,256,256,256,256,256,256,256,256,256,256,256,256,256,256,256,256,256,256,256,256,256,256,256,256,256,256,256,256,256,256,256,256,256,256,256,256,256,256,256,256,256,256,256,256,256,256,256,256,256,256,256,256,256,256,256,256,256,256,256,256,256,256,256,256,256,256,256,256,0
0,256,256,256,256,256,256,256,256,256,256,256,256,256,256,256,256,256,256,256,256,256,256,256,256,256,256,256,256,256,256,256,256,256,256,256,256,256,256,256,256,256,256,256,256,256,256,256,256,256,256,256,256,256,256,256,256,256,256,256,256,256,256,256,256,256,256,256,256,256,256,256,256,256,256,256,256,256,256,256,256,256,256,256,256,256,256,256,256,256,256,256,256,256,256,256,256,256,256,256,256,256,256,256,256,256,256,256,256,256,256,256,256,256,256,256,256,256,256,256,256,256,256,256,256,256,256,0
0,256,256,256,256,256,256,256,256,256,256,256,256,256,256,256,256,256,256,256,256,256,256,256,256,256,256,256,256,256,256,256,256,256,256,256,256,256,256,256,256,256,256,256,256,256,256,256,256,256,256,256,256,256,256,256,256,256,256,256,256,256,256,256,256,256,256,256,256,256,256,256,256,256,256,256,256,256,256,256,256,256,256,256,256,256,256,256,256,256,256,256,256,256,256,256,256,256,256,256,256,256,256,256,256,256,256,256,256,256,256,256,256,256,256,256,256,256,256,256,256,256,256,256,256,256,256,0
0,256,256,256,256,256,256,256,256,256,256,256,256,256,256,256,256,256,256,256,256,256,256,256,256,256,256,256,256,256,256,256,256,256,256,256,256,256,256,256,256,256,256,256,256,256,256,256,256,256,256,256,256,256,256,256,256,256,256,256,256,256,256,256,256,256,256,256,256,256,256,256,256,256,256,256,256,256,256,256,256,256,256,256,256,256,256,256,256,256,256,256,256,256,256,256,256,256,256,256,256,256,256,256,256,256,256,256,256,256,256,256,256,256,256,256,256,256,256,256,256,256,256,256,256,256,256,0
0,256,256,256,256,256,256,256,256,256,256,256,256,256,256,256,256,256,256,256,256,256,256,256,256,256,256,256,256,256,256,256,256,256,256,256,256,256,256,256,256,256,256,256,256,256,256,256,256,256,256,256,256,256,256,256,256,256,256,256,256,256,256,256,256,256,256,256,256,256,256,256,256,256,256,256,256,256,256,256,256,256,256,256,256,256,256,256,256,256,256,256,256,256,256,256,256,256,256,256,256,256,256,256,256,256,256,256,256,256,256,256,256,256,256,256,256,256,256,256,256,256,256,256,256,256,256,0
0,256,256,256,256,256,256,256,256,256,256,256,256,256,256,256,256,256,256,256,256,256,256,256,256,256,256,256,256,256,256,256,256,256,256,256,256,256,256,256,256,256,256,256,256,256,256,256,256,256,256,256,256,256,256,256,256,256,256,256,256,256,256,256,256,256,256,256,256,256,256,256,256,256,256,256,256,256,256,256,256,256,256,256,256,256,256,256,256,256,256,256,256,256,256,256,256,256,256,256,256,256,256,256,256,256,256,256,256,256,256,256,256,256,256,256,256,256,256,256,256,256,256,256,256,256,256,0
0,256,256,256,256,256,256,256,256,256,256,256,256,256,256,256,256,256,256,256,256,256,256,256,256,256,256,256,256,256,256,256,256,256,256,256,256,256,256,256,256,256,256,256,256,256,256,256,256,256,256,256,256,256,256,256,256,256,256,256,256,256,256,256,256,256,256,256,256,256,256,256,256,256,256,256,256,256,256,256,256,256,256,256,256,256,256,256,256,256,256,256,256,256,256,256,256,256,256,256,256,256,256,256,256,256,256,256,256,256,256,256,256,256,256,256,256,256,256,256,256,256,256,256,256,256,256,0
0,256,256,256,256,256,256,256,256,256,256,256,256,256,256,256,256,256,256,256,256,256,256,256,256,256,256,256,256,256,256,256,256,256,256,256,256,256,256,256,256,256,256,256,256,256,256,256,256,256,256,256,256,256,256,256,256,256,256,256,256,256,256,256,256,256,256,256,256,256,256,256,256,256,256,256,256,256,256,256,256,256,256,256,256,256,256,256,256,256,256,256,256,256,256,256,256,256,256,256,256,256,256,256,256,256,256,256,256,256,256,256,256,256,256,256,256,256,256,256,256,256,256,256,256,256,256,0
0,256,256,256,256,256,256,256,256,256,256,256,256,256,256,256,256,256,256,256,256,256,256,256,256,256,256,256,256,256,256,256,256,256,256,256,256,256,256,256,256,256,256,256,256,256,256,256,256,256,256,256,256,256,256,256,256,256,256,256,256,256,256,256,256,256,256,256,256,256,256,256,256,256,256,256,256,256,256,256,256,256,256,256,256,256,256,256,256,256,256,256,256,256,256,256,256,256,256,256,256,256,256,256,256,256,256,256,256,256,256,256,256,256,256,256,256,256,256,256,256,256,256,256,256,256,256,0
0,256,256,256,256,256,256,256,256,256,256,256,256,256,256,256,256,256,256,256,256,256,256,256,256,256,256,256,256,256,256,256,256,256,256,256,256,256,256,256,256,256,256,256,256,256,256,256,256,256,256,256,256,256,256,256,256,256,256,256,256,256,256,256,256,256,256,256,256,256,256,256,256,256,256,256,322,256,256,256,256,256,256,256,256,256,256,256,256,256,256,256,256,256,256,256,256,256,256,256,256,256,256,256,256,256,256,256,256,256,256,256,256,256,256,256,256,256,256,256,256,256,256,256,256,256,256,0
0,256,256,256,256,256,256,256,256,256,256,256,256,256,256,256,256,256,256,256,256,256,256,256,256,256,256,256,256,256,256,256,256,256,256,256,256,256,256,256,358,366,362,256,256,256,256,256,256,256,256,256,256,256,256,256,256,256,256,256,256,256,256,256,256,256,256,256,256,256,256,256,256,256,256,374,331,256,256,256,256,256,256,256,256,256,256,256,256,256,256,256,256,256,256,256,256,256,256,256,256,256,256,256,256,256,256,256,256,256,256,256,256,256,256,256,256,256,256,256,256,256,256,256,256,256,256,0
0,256,256,256,256,256,256,256,256,256,256,256,256,256,256,256,256,256,256,256,256,256,256,256,256,256,256,256,256,256,256,256,256,256,256,256,256,256,256,374,383,511,495,490,256,256,256,256,256,256,256,256,256,256,256,256,256,256,256,256,256,256,256,256,256,256,256,256,256,256,256,256,256,256,374,383,459,256,256,256,256,256,256,256,256,256,256,256,256,256,256,256,256,256,256,256,256,294,366,366,330,256,256,256,256,256,256,256,256,256,256,256,256,256,256,256,256,256,256,256,256,256,256,256,256,256,256,0
0,256,256,256,256,256,256,256,256,256,256,256,256,256,256,256,256,256,256,256,256,256,256,256,256,256,256,256,512,512,512,512,512,354,256,256,256,256,374,383,511,511,511,495,494,366,366,362,256,256,256,256,256,256,358,330,256,256,256,256,256,256,256,256,256,256,256,256,256,256,256,256,256,310,383,479,457,256,256,256,256,256,256,256,256,256,256,256,256,256,256,256,256,256,256,256,256,311,511,511,491,256,256,256,256,256,256,256,256,256,256,256,256,256,256,256,256,256,256,256,256,256,256,256,256,256,256,0
0,256,256,256,256,256,256,256,256,256,256,256,256,256,256,256,256,256,256,256,256,256,256,294,366,366,366,362,512,548,558,622,638,367,458,256,256,310,383,511,511,511,511,511,511,511,511,495,490,256,256,256,256,374,383,491,256,256,256,256,256,256,358,366,366,330,256,256,256,256,256,256,256,311,511,507,512,256,256,256,256,256,256,256,256,256,256,256,256,256,256,256,256,256,256,256,256,311,511,511,495,490,256,256,256,256,256,256,256,256,256,256,256,256,256,256,256,256,256,256,256,256,256,256,256,256,256,0
0,256,256,256,256,256,256,256,256,256,256,256,256,256,256,256,256,256,256,256,256,256,256,311,479,509,447,495,746,512,503,511,511,511,491,512,512,375,511,511,511,511,511,511,511,511,511,511,495,490,256,256,374,383,511,495,490,256,256,256,256,374,383,511,511,491,256,256,256,256,256,256,256,311,511,495,750,330,256,256,256,256,256,256,256,256,256,256,256,256,256,256,256,256,256,256,256,375,511,511,511,495,490,256,256,256,256,256,256,256,256,256,256,256,256,256,256,256,256,256,256,256,256,256,256,256,256,0
0,256,256,256,256,256,256,256,256,256,256,256,256,256,256,256,256,256,256,256,256,256,256,375,507,256,503,511,495,766,383,511,511,511,495,750,638,383,511,511,511,511,511,511,511,511,511,511,511,495,494,382,383,511,511,511,495,490,256,256,374,383,511,511,511,495,490,256,256,256,256,256,256,375,511,511,511,491,256,256,256,256,256,256,256,256,256,256,256,256,256,256,256,256,256,256,374,383,511,511,479,509,431,490,256,256,256,256,256,256,256,256,256,256,256,256,256,256,256,256,256,256,256,256,256,256,256,0
0,256,256,256,256,256,256,256,256,256,256,256,256,256,256,256,256,256,256,256,256,256,308,319,495,510,383,511,511,511,511,511,511,511,511,511,511,511,511,511,511,511,511,511,511,511,511,511,511,511,511,511,511,511,511,511,511,495,494,382,383,511,511,511,511,511,495,490,256,256,256,256,374,383,511,511,511,495,458,256,256,256,256,256,256,256,256,256,256,256,256,256,256,256,256,374,383,511,511,511,507,512,503,495,494,330,256,256,256,256,256,256,256,256,256,256,256,256,256,256,256,256,256,256,256,256,256,0
0,256,256,256,256,256,256,256,256,256,256,256,256,256,256,256,256,256,256,256,256,256,256,437,447,511,511,511,511,511,511,511,511,511,511,511,511,511,511,511,511,511,511,511,511,511,479,509,447,511,511,511,511,511,511,511,511,511,511,511,511,511,511,511,511,511,511,495,490,256,256,374,383,511,511,511,511,511,459,256,256,256,256,256,256,256,256,256,256,256,256,256,256,256,310,383,511,511,511,511,495,766,383,511,511,459,256,256,256,256,256,256,256,256,256,256,256,256,256,256,256,256,256,256,256,256,256,0
0,256,256,256,256,256,256,256,256,256,256,256,256,256,256,256,256,256,256,256,256,256,256,256,439,511,511,511,511,511,511,511,511,511,511,511,511,511,511,511,511,511,511,511,511,511,475,512,405,413,413,413,445,447,511,511,511,511,511,511,511,511,511,511,511,511,511,511,495,494,382,383,511,511,511,511,511,511,491,256,256,256,256,256,256,256,256,256,512,358,330,256,256,256,311,511,511,511,511,511,511,511,511,511,511,459,256,256,256,256,256,256,256,256,256,256,256,256,256,256,256,256,256,256,256,256,256,0
0,256,256,256,256,256,256,256,256,256,256,256,256,256,256,256,256,256,256,256,256,256,256,256,311,511,511,511,511,511,511,511,511,511,511,511,511,511,511,511,511,511,511,511,511,511,459,512,256,256,256,256,256,437,447,479,477,413,413,445,447,511,511,511,511,511,511,511,479,477,413,413,445,447,511,511,511,479,493,430,330,256,256,256,256,256,358,366,638,383,459,256,256,256,311,511,511,511,511,511,511,479,477,413,413,393,256,256,256,256,256,256,256,256,256,256,256,256,256,256,256,256,256,256,256,256,256,0
0,256,256,256,256,256,256,256,256,256,256,256,256,256,256,256,256,256,256,256,256,256,256,256,311,511,511,511,511,511,511,511,511,511,511,511,479,509,447,511,511,511,511,511,511,511,459,256,256,256,256,256,256,256,407,473,256,256,256,256,437,447,511,511,511,511,511,479,473,256,256,256,256,437,447,511,511,507,256,503,459,256,256,256,262,348,317,447,511,511,491,512,354,512,375,511,511,511,511,511,479,473,256,256,256,256,256,256,256,256,256,256,256,256,256,256,256,256,256,256,256,256,256,256,256,256,256,0
0,256,256,256,256,256,256,256,256,256,256,256,256,256,256,256,256,256,256,256,256,256,256,256,311,511,511,511,511,511,511,511,511,479,509,447,475,512,405,413,413,413,413,445,447,511,491,256,256,256,256,256,256,256,273,256,256,256,256,256,256,439,511,511,511,511,479,473,256,256,256,256,256,256,439,511,511,495,510,351,457,256,256,256,307,512,256,503,511,511,495,766,367,766,383,511,511,511,511,479,473,256,256,256,256,256,256,256,256,256,256,256,256,256,256,256,256,256,256,256,256,256,256,256,256,256,256,0
0,256,256,256,256,256,256,256,256,256,256,256,256,256,256,256,256,256,256,256,256,256,256,256,311,511,511,511,511,511,511,511,511,507,512,503,459,512,256,256,256,256,256,256,439,511,495,494,366,366,330,256,256,256,256,256,256,256,256,256,256,311,511,511,511,511,475,256,256,256,256,256,256,256,309,447,511,511,479,473,256,256,256,256,359,750,382,383,511,511,511,511,511,511,511,511,511,511,479,473,256,256,256,256,256,256,256,256,256,256,256,256,256,256,256,256,256,256,256,256,256,256,256,256,256,256,256,0
0,256,256,256,256,256,256,256,256,256,256,256,256,256,256,256,256,256,256,256,256,256,256,256,375,511,511,511,511,511,511,511,511,495,766,383,459,512,256,256,256,256,256,256,311,511,511,511,511,511,491,256,256,256,256,256,256,256,256,256,256,311,511,511,511,511,459,256,256,256,256,256,256,256,256,437,447,479,473,256,256,256,256,374,383,511,511,511,511,511,511,511,511,511,511,511,511,479,473,256,256,256,256,256,256,256,256,256,256,256,256,256,256,256,256,256,256,256,256,256,256,256,256,256,256,256,256,0
0,256,256,256,256,256,256,256,256,256,256,256,256,256,256,256,256,256,256,256,256,256,256,374,383,511,511,511,511,511,511,511,511,511,511,511,491,512,256,256,256,256,256,256,311,511,511,511,511,511,495,490,256,256,256,256,256,256,256,256,256,375,511,511,511,511,459,256,256,256,256,256,256,256,256,256,405,409,256,256,256,256,374,383,511,511,511,511,511,511,511,511,511,511,511,511,479,473,256,256,256,256,256,256,256,256,256,256,256,256,256,256,256,256,256,256,256,256,256,256,256,256,256,256,256,256,256,0
0,256,256,256,256,256,256,256,256,256,256,256,256,256,256,256,256,256,256,256,256,256,374,383,511,511,511,511,511,511,511,511,511,511,511,511,495,750,366,366,330,256,256,256,311,511,511,511,511,511,511,495,490,256,256,256,256,256,256,256,374,383,511,511,511,479,457,256,256,256,256,256,256,256,256,256,256,256,256,256,256,374,383,511,511,511,511,511,511,511,511,511,511,511,511,511,475,256,256,256,256,256,256,256,256,256,256,256,256,256,256,256,256,256,256,256,256,256,256,256,256,256,256,256,256,256,256,0
0,256,256,256,256,256,256,256,256,256,256,256,256,256,256,256,256,256,294,366,366,382,383,511,511,511,511,511,511,511,511,511,511,511,511,511,511,511,511,511,459,256,256,256,311,511,511,511,511,511,511,511,495,490,512,256,256,256,256,374,383,511,511,511,479,473,256,256,256,256,256,256,256,256,256,256,256,256,256,256,308,319,511,511,511,511,511,511,511,511,511,511,511,511,511,511,491,256,256,256,256,256,256,256,256,256,256,256,256,256,256,256,256,256,256,256,256,256,256,256,256,256,256,256,256,256,256,0
0,256,256,256,256,256,256,256,256,256,256,256,256,256,256,256,256,256,309,447,511,511,511,511,511,511,511,511,511,511,511,511,511,511,511,511,511,511,511,479,457,256,256,256,311,511,511,511,511,511,511,511,511,495,714,256,256,256,310,383,511,511,511,479,473,256,256,256,256,358,362,256,322,256,256,256,256,256,256,256,512,503,511,511,511,511,511,511,511,511,511,511,511,511,511,511,495,490,256,256,256,256,256,256,256,256,256,256,256,256,256,256,256,256,256,256,256,256,256,256,256,256,256,256,256,256,256,0
0,256,256,256,256,256,256,256,256,256,256,256,256,256,256,256,256,256,256,437,447,511,511,511,511,511,511,511,511,479,477,445,447,511,511,511,511,479,477,409,256,256,256,256,375,511,511,511,511,511,511,511,511,511,459,256,256,256,311,511,511,511,511,475,256,256,256,256,374,383,495,510,363,512,512,512,358,362,512,512,630,383,511,511,511,511,511,511,511,511,511,511,511,511,511,511,511,495,490,256,256,256,256,256,256,256,256,256,256,256,256,256,256,256,256,256,256,256,256,256,256,256,256,256,256,256,256,0
0,256,256,256,256,256,256,256,256,256,256,256,256,256,256,256,256,256,256,256,437,447,511,511,511,511,511,479,477,409,512,512,503,511,511,511,511,475,256,256,256,256,256,374,383,511,511,479,477,413,413,413,413,413,393,256,256,256,311,511,511,511,511,459,256,256,256,310,383,511,511,511,495,750,622,638,383,495,750,638,383,511,511,511,511,511,511,511,511,511,511,511,511,511,511,511,511,511,495,490,256,256,256,256,256,256,256,256,256,256,256,256,256,256,256,256,256,256,256,256,256,256,256,256,256,256,256,0
0,256,256,256,256,256,256,256,256,256,256,256,256,256,256,256,256,256,256,256,256,437,447,511,511,511,511,475,256,256,512,566,383,479,477,413,413,393,256,256,256,256,374,383,511,511,479,473,256,256,256,256,256,256,256,256,256,256,375,511,511,511,511,459,256,256,256,311,511,511,511,511,511,511,511,511,511,511,511,511,511,479,477,413,413,413,413,445,447,511,511,511,511,511,511,511,511,511,511,495,494,330,256,256,256,256,256,256,256,256,256,256,256,256,256,256,256,256,256,256,256,256,256,256,256,256,256,0
0,256,256,256,256,256,256,256,256,256,256,256,256,256,256,256,256,256,256,256,256,256,439,511,511,479,509,395,256,256,256,309,415,473,256,256,256,256,256,256,256,374,383,511,511,479,473,256,256,256,256,256,256,256,256,256,256,374,383,511,511,511,479,457,256,256,256,311,511,511,511,511,511,511,511,511,511,511,511,511,479,473,512,512,512,512,512,512,439,511,511,511,511,511,511,511,511,511,511,511,511,491,256,256,256,256,256,256,256,256,256,256,256,256,256,256,256,256,256,256,256,256,256,256,256,256,256,0
0,256,256,256,256,256,256,256,256,256,256,256,256,256,256,256,256,256,256,256,256,256,311,511,511,475,512,387,256,256,256,256,401,256,256,256,256,256,256,256,374,383,511,511,479,473,256,256,256,256,256,256,256,256,256,256,374,383,511,511,511,479,473,256,256,256,256,375,511,511,511,511,511,511,511,511,511,511,511,511,507,512,578,512,512,512,512,512,375,511,511,511,511,511,511,511,511,511,511,511,511,495,490,256,256,256,256,256,256,256,256,256,256,256,256,256,256,256,256,256,256,256,256,256,256,256,256,0
0,256,256,256,256,256,256,256,256,256,256,256,256,256,256,256,256,256,256,256,256,256,375,511,511,491,512,355,256,256,256,256,256,256,256,256,256,256,256,374,383,511,511,479,473,256,256,256,256,358,362,512,512,358,366,382,383,511,511,511,479,473,256,256,256,256,374,383,511,511,511,511,511,511,511,511,511,511,479,509,431,734,329,512,512,512,512,566,383,511,511,511,511,511,511,511,511,511,511,511,511,511,495,490,256,256,256,256,256,256,256,256,256,256,256,256,256,256,256,256,256,256,256,256,256,256,256,0
0,256,256,256,256,256,256,256,256,256,256,256,256,256,256,256,256,256,256,256,256,374,383,511,511,495,766,367,490,256,256,256,256,256,256,358,366,366,382,383,511,511,479,473,256,256,256,256,374,383,495,750,638,383,511,511,511,511,511,511,475,256,256,256,256,308,319,511,511,511,511,511,511,511,511,511,511,511,507,512,503,507,512,512,614,618,512,375,511,511,511,511,511,511,511,511,511,511,511,511,511,511,511,495,458,256,256,256,256,256,256,256,256,256,256,256,256,256,256,256,256,256,256,256,256,256,256,0
0,256,256,256,256,256,256,256,256,256,256,256,256,256,256,256,256,256,256,256,308,319,511,511,511,511,511,511,495,490,256,256,256,256,374,383,511,511,479,477,413,413,409,256,256,256,256,374,383,511,511,511,511,511,511,511,511,511,511,511,491,256,256,256,256,256,405,413,413,413,445,447,511,511,511,511,511,511,495,766,383,495,750,638,383,495,766,383,511,511,511,511,511,511,511,511,511,511,511,511,511,511,511,511,459,256,256,256,256,256,256,256,256,256,256,256,256,256,256,256,256,256,256,256,256,256,256,0
0,256,256,256,256,256,256,256,256,256,256,256,256,256,256,256,256,256,256,256,256,437,447,511,511,511,511,511,511,495,490,256,256,374,383,511,511,479,473,256,256,256,256,256,256,256,374,383,511,511,511,479,477,413,413,445,447,511,511,511,495,490,256,256,256,256,256,256,256,256,256,437,447,511,511,511,511,511,511,511,511,511,511,511,511,511,511,511,511,511,479,477,413,413,413,413,413,445,447,511,511,511,511,479,457,256,256,256,256,256,256,256,256,256,256,256,256,256,256,256,256,256,256,256,256,256,256,0
0,256,256,256,256,256,256,256,256,256,256,256,256,256,256,256,256,256,256,256,256,256,439,511,511,511,511,511,511,511,495,494,382,383,511,511,479,473,256,256,256,256,256,256,256,374,383,511,511,511,479,473,256,256,256,256,437,447,511,511,511,495,490,256,256,256,256,256,256,256,256,256,439,511,511,511,511,511,511,511,511,511,511,511,511,511,511,511,511,511,475,512,512,256,256,256,256,256,439,511,511,511,479,473,256,256,256,256,256,256,256,256,256,256,256,256,256,256,256,256,256,256,256,256,256,256,256,0
0,256,256,256,256,256,256,256,256,256,256,256,256,256,256,256,256,256,256,256,256,256,311,511,511,511,511,511,511,511,511,511,511,511,511,511,475,256,256,256,256,256,256,256,374,383,511,511,511,479,473,256,256,256,256,256,256,439,511,511,511,511,495,490,256,256,256,256,256,256,256,256,311,511,511,511,511,511,511,511,511,511,511,511,479,509,447,511,511,511,491,512,512,256,256,256,256,256,311,511,511,479,473,256,256,256,256,256,256,256,256,256,256,256,256,256,256,256,256,256,256,256,256,256,256,256,256,0
0,256,256,256,256,256,256,256,256,256,256,256,256,256,256,256,256,256,256,256,256,256,311,511,511,511,511,511,511,511,511,511,511,511,511,511,459,256,256,256,294,366,366,382,383,511,479,477,413,409,256,256,256,256,256,256,256,311,511,511,511,511,511,495,494,366,366,334,328,256,256,256,311,511,511,511,511,511,511,511,511,511,511,511,507,512,503,511,511,511,463,712,256,256,256,256,256,256,311,511,511,475,256,256,256,256,256,256,256,256,256,256,256,256,256,256,256,256,256,256,256,256,256,256,256,256,256,0
0,256,256,256,256,256,256,256,256,256,256,256,256,256,256,256,256,256,256,256,256,256,311,511,511,511,479,477,413,413,445,447,511,511,511,511,459,256,256,256,309,447,511,511,511,511,475,256,256,256,256,256,256,256,256,256,256,311,511,511,511,511,511,511,511,511,479,473,256,256,256,256,375,511,511,511,511,511,511,511,511,511,511,511,495,766,383,511,511,511,507,512,322,256,256,256,256,256,311,511,511,459,256,256,256,256,256,256,256,256,256,256,256,256,256,256,256,256,256,256,256,256,256,256,256,256,256,0
0,256,256,256,256,256,256,256,256,256,256,256,256,256,256,256,256,256,256,256,256,256,311,511,511,479,473,256,256,256,256,437,447,511,511,511,459,256,256,256,256,437,447,511,511,511,459,256,256,256,256,256,322,256,256,256,256,311,511,511,511,511,511,511,511,479,473,256,256,256,256,374,383,511,511,511,511,511,511,511,511,511,511,511,511,511,511,511,511,511,495,766,363,256,256,256,256,256,311,511,511,459,256,256,256,256,256,256,256,256,256,256,256,256,256,256,256,256,256,256,256,256,256,256,256,256,256,0
0,256,256,256,256,256,256,256,256,256,256,256,256,256,256,256,256,256,256,256,256,256,375,511,479,473,256,256,256,256,256,256,439,511,511,511,491,256,256,256,256,256,437,447,511,511,491,256,256,256,256,374,363,256,256,256,256,309,447,511,511,511,511,511,511,475,256,256,256,256,310,383,511,511,511,511,511,511,511,511,511,511,511,511,511,511,511,511,511,511,511,511,495,494,362,256,256,256,375,511,511,459,256,256,256,256,256,256,256,256,256,256,256,256,256,256,256,256,256,256,256,256,256,256,256,256,256,0
0,256,256,256,256,256,256,256,256,256,256,256,256,256,256,256,256,256,256,256,256,374,383,511,475,256,256,256,256,256,256,256,311,511,511,511,495,490,256,256,256,256,256,437,447,511,495,494,366,366,382,383,495,458,256,256,256,256,437,447,511,511,511,511,511,491,256,256,256,256,277,413,445,447,511,511,511,511,511,511,511,511,511,511,511,511,511,511,511,511,511,511,511,511,495,494,366,382,383,511,511,491,256,256,256,256,256,256,256,256,256,256,256,256,256,256,256,256,256,256,256,256,256,256,256,256,256,0
0,256,256,256,256,256,256,256,256,256,256,256,256,256,256,256,256,256,256,256,374,383,511,511,459,256,256,256,256,256,256,256,311,511,511,511,511,495,490,256,256,256,256,256,439,511,511,511,511,511,511,511,511,491,256,256,256,256,256,405,445,447,511,511,511,495,490,256,256,256,256,256,256,439,511,511,511,511,511,511,479,477,413,413,445,447,511,511,511,511,511,511,511,511,511,511,511,511,511,511,511,495,490,256,256,256,256,256,256,256,256,256,256,256,256,256,256,256,256,256,256,256,256,256,256,256,256,0
0,256,256,256,256,256,256,256,256,256,256,256,256,256,256,256,256,256,256,310,383,511,511,511,459,256,256,256,258,256,256,256,311,511,511,511,511,511,495,490,256,256,256,256,311,511,511,511,511,511,511,511,511,495,490,256,256,256,256,256,256,439,511,511,511,511,495,490,256,256,256,256,256,311,511,511,511,511,511,479,473,256,256,256,256,437,447,511,511,511,511,511,511,511,511,479,477,413,445,447,511,511,495,490,256,256,256,256,256,256,256,256,256,256,256,256,256,256,256,256,256,256,256,256,256,256,256,0
0,256,256,256,256,256,256,256,256,256,256,256,256,256,256,256,256,256,256,311,511,511,511,511,491,256,256,256,323,256,256,256,309,447,511,511,511,511,511,495,458,256,256,256,311,511,511,511,511,511,511,511,511,511,495,490,256,256,256,256,256,311,511,511,511,511,511,495,490,256,256,256,512,375,511,511,511,511,479,473,256,256,256,256,256,256,439,511,511,511,511,511,511,511,511,475,256,256,256,439,511,511,511,495,458,256,256,256,256,256,256,256,256,256,256,256,256,256,256,256,256,256,256,256,256,256,256,0
0,256,256,256,256,256,256,256,256,256,256,256,256,256,256,256,256,256,256,311,511,511,511,511,495,494,366,382,331,256,256,256,256,405,445,447,511,511,511,511,459,256,256,256,311,511,511,511,511,511,511,511,511,511,511,495,490,256,256,256,512,375,511,511,511,511,511,511,495,490,512,358,638,383,511,479,477,413,409,256,256,256,256,256,256,256,311,511,511,511,511,511,511,511,511,459,256,256,256,309,447,511,511,479,457,256,256,256,256,256,256,256,256,256,256,256,256,256,256,256,256,256,256,256,256,256,256,0
0,256,256,256,256,256,256,256,256,256,256,256,256,256,256,256,256,256,256,311,511,511,511,511,511,511,511,511,491,256,256,256,256,256,256,437,447,511,511,511,491,256,256,256,375,511,511,511,511,511,511,511,511,511,511,511,495,494,366,366,638,383,511,511,511,511,511,511,511,495,766,383,511,511,511,475,256,256,256,256,256,256,256,256,256,256,311,511,511,511,511,511,511,511,511,459,256,256,256,256,437,447,479,473,256,256,256,256,256,256,256,256,256,256,256,256,256,256,256,256,256,256,256,256,256,256,256,0
0,256,256,256,256,256,256,256,256,256,256,256,256,256,256,256,256,256,256,309,447,511,511,511,511,511,511,511,495,490,256,256,256,256,256,256,439,511,511,511,495,494,366,382,383,511,511,511,511,511,511,511,511,511,511,511,511,511,511,511,511,511,511,511,511,511,511,511,511,511,511,511,511,511,511,459,256,256,256,256,256,322,256,256,256,256,311,511,511,511,511,511,511,511,511,491,256,256,256,256,256,405,409,256,256,256,256,256,256,256,256,256,256,256,256,256,256,256,256,256,256,256,256,256,256,256,256,0
0,256,256,256,256,256,256,256,256,256,256,256,256,256,256,256,256,256,256,256,437,447,511,511,511,511,511,511,511,495,490,256,256,256,256,256,311,511,511,511,511,511,511,511,511,511,479,477,413,413,413,413,413,445,447,511,511,479,477,413,445,447,511,511,511,511,511,511,511,511,511,511,511,511,511,491,256,256,256,256,374,363,256,256,256,256,309,447,511,511,511,511,511,511,511,495,490,256,256,256,256,256,256,256,256,256,256,256,256,256,256,256,256,256,256,256,256,256,256,256,256,256,256,256,256,256,256,0
0,256,256,256,256,256,256,256,256,256,256,256,256,256,256,256,256,256,256,256,256,437,447,511,511,511,511,511,511,511,495,462,328,256,256,256,311,511,511,511,511,511,511,511,511,479,473,256,256,256,256,256,256,256,437,447,511,475,256,256,256,439,511,511,511,511,511,511,511,511,511,511,511,511,511,495,494,366,366,382,383,463,456,256,256,256,256,405,413,413,413,445,447,511,511,511,495,490,256,256,256,256,256,256,256,256,256,256,256,256,256,256,256,256,256,256,256,256,256,256,256,256,256,256,256,256,256,0
0,256,256,256,256,256,256,256,256,256,256,256,256,256,256,256,256,256,256,256,256,256,439,511,511,511,511,511,511,511,479,473,256,256,256,256,375,511,511,511,511,511,511,511,479,473,256,256,256,256,256,256,256,256,256,439,511,459,256,256,256,309,447,511,511,511,511,511,511,511,511,511,511,511,511,511,511,511,511,511,479,473,256,256,256,256,256,256,256,256,256,256,437,447,511,511,511,495,490,256,256,256,256,256,256,256,256,256,256,256,256,256,256,256,256,256,256,256,256,256,256,256,256,256,256,256,256,0
0,256,256,256,256,256,256,256,256,256,256,256,256,256,256,256,256,256,256,256,256,256,311,511,511,511,511,511,511,479,473,256,256,256,256,310,383,511,511,511,511,479,477,413,409,256,256,256,256,256,256,256,256,256,256,311,511,459,256,256,256,256,437,447,511,511,511,511,511,511,511,479,477,413,413,413,413,413,445,447,475,256,256,256,256,256,256,256,256,256,256,256,256,439,511,511,511,511,495,494,334,328,256,256,256,256,256,256,256,256,256,256,256,256,256,256,256,256,256,256,256,256,256,256,256,256,256,0
0,256,256,256,256,256,256,256,256,256,256,256,256,256,256,256,256,256,256,256,256,256,375,511,511,479,477,413,413,409,256,256,256,256,256,311,511,511,511,511,511,475,256,256,256,256,256,256,358,366,366,330,256,256,256,311,511,459,256,256,256,256,256,437,447,511,511,511,511,511,479,473,256,256,256,256,256,256,256,405,393,256,256,256,256,256,256,256,256,256,256,256,256,311,511,511,511,511,511,479,473,256,256,256,256,256,256,256,256,256,256,256,256,256,256,256,256,256,256,256,256,256,256,256,256,256,256,0
0,256,256,256,256,256,256,256,256,256,256,256,256,256,256,256,256,256,256,256,256,374,383,511,479,473,256,256,256,256,256,256,256,512,512,311,511,511,511,511,479,457,256,256,256,256,256,374,383,511,511,459,256,256,256,311,511,491,256,256,256,256,256,256,437,447,511,511,511,479,473,256,256,256,256,256,256,256,256,256,256,256,256,256,256,256,256,256,256,256,256,256,256,311,511,511,511,511,479,473,256,256,256,256,256,256,256,256,256,256,256,256,256,256,256,256,256,256,256,256,256,256,256,256,256,256,256,0
0,256,256,256,256,256,256,256,256,256,256,256,256,256,256,256,256,256,256,256,374,383,511,479,473,256,256,256,256,256,256,256,256,512,512,375,511,511,511,511,507,512,256,256,256,256,374,383,511,511,511,459,256,256,256,311,511,495,494,362,256,256,256,256,256,439,511,511,479,473,256,256,256,256,256,256,256,256,256,256,256,256,256,256,256,256,256,256,256,256,256,256,256,311,511,511,511,479,473,256,256,256,256,256,256,256,256,256,256,256,256,256,256,256,256,256,256,256,256,256,256,256,256,256,256,256,256,0
0,256,256,256,256,256,256,256,256,256,256,256,256,256,256,256,256,256,256,278,349,413,413,409,256,256,256,256,256,256,256,256,512,614,638,383,511,511,511,511,495,746,512,358,366,382,383,511,511,511,511,459,256,256,256,311,511,511,511,495,462,328,256,256,256,311,511,479,473,256,256,256,256,294,362,512,322,256,256,256,256,256,256,256,256,256,256,256,256,256,256,256,256,311,511,511,511,475,256,256,256,256,256,256,256,256,256,256,256,256,256,256,256,256,256,256,256,256,256,256,256,256,256,256,256,256,256,0
0,256,256,256,256,256,256,256,256,256,256,256,256,256,256,256,256,256,256,273,256,256,256,256,256,256,256,358,366,366,366,334,636,319,511,511,511,511,511,511,511,495,766,383,511,511,511,511,511,511,511,491,512,256,256,311,511,511,511,479,473,256,256,256,256,375,479,473,256,256,256,256,256,375,463,764,299,256,256,256,256,256,256,256,256,256,322,256,256,256,256,256,256,311,511,511,511,459,256,256,256,256,256,256,256,256,256,256,256,256,256,256,256,256,256,256,256,256,256,256,256,256,256,256,256,256,256,0
0,256,256,256,256,256,256,256,256,256,256,256,256,256,256,256,256,256,256,256,256,256,256,256,256,256,374,383,511,511,511,507,512,503,511,511,511,511,511,511,511,511,511,511,511,511,511,511,511,511,511,495,714,256,256,375,511,511,479,473,256,256,256,256,374,383,475,256,256,256,256,358,382,383,507,256,487,490,256,256,256,256,256,256,256,374,363,256,256,256,256,256,256,375,511,511,511,459,256,256,256,256,256,256,256,256,256,256,256,256,256,256,256,256,256,256,256,256,256,256,256,256,256,256,256,256,256,0
0,256,256,256,256,256,256,256,256,256,256,256,256,256,256,256,256,256,256,256,256,256,256,256,256,374,383,511,511,511,511,495,766,383,511,511,511,511,511,511,511,511,511,511,511,511,511,511,511,511,511,511,491,512,374,383,511,511,475,256,256,256,256,374,383,511,459,256,256,256,310,383,511,511,495,510,383,495,490,256,256,256,256,256,374,383,495,490,256,256,256,256,374,383,511,511,511,459,256,256,256,256,256,256,256,256,256,256,256,256,256,256,256,256,256,256,256,256,256,256,256,256,256,256,256,256,256,0
0,256,256,256,256,256,256,256,256,256,256,256,256,256,256,256,256,256,256,256,256,294,366,366,382,383,511,511,511,511,511,511,511,511,511,511,479,477,413,413,413,413,413,413,413,413,413,413,445,447,511,511,495,766,383,511,511,511,459,256,256,256,310,383,511,511,459,256,256,256,311,511,511,511,511,511,511,511,495,494,366,366,366,382,383,511,511,495,490,256,256,374,383,511,511,511,511,491,256,256,256,256,256,256,256,256,256,256,256,256,256,256,256,256,256,256,256,256,256,256,256,256,256,256,256,256,256,0
0,256,256,256,256,256,256,256,256,256,256,256,256,256,256,256,256,256,256,256,256,311,511,511,511,511,511,511,511,511,511,511,511,511,511,479,473,256,256,256,256,256,256,256,256,256,256,256,256,437,447,511,511,511,511,511,511,511,459,256,256,256,311,511,511,479,457,256,256,256,311,511,479,477,445,447,511,511,511,511,511,511,511,511,511,511,511,511,495,494,382,383,511,511,511,511,511,495,490,256,256,256,256,256,256,256,256,256,256,256,256,256,256,256,256,256,256,256,256,256,256,256,256,256,256,256,256,0
0,256,256,256,256,256,256,256,256,256,256,256,256,256,256,256,256,256,256,256,256,311,511,511,511,511,511,511,511,511,511,511,511,511,479,473,256,256,256,256,256,256,256,256,256,256,256,256,256,256,439,511,511,511,511,511,511,479,457,256,256,256,311,511,479,473,256,256,256,256,375,511,475,256,256,503,511,511,511,511,511,511,511,511,511,511,511,511,511,511,511,511,511,511,511,511,511,511,495,490,256,256,256,256,256,256,256,256,256,256,256,256,256,256,256,256,256,256,256,256,256,256,256,256,256,256,256,0
0,256,256,256,256,256,256,256,256,256,256,256,256,256,256,256,256,256,256,256,256,375,511,511,511,511,511,511,511,511,511,511,511,479,473,256,256,256,256,256,256,256,256,256,256,256,256,256,256,256,309,447,511,511,511,511,479,473,256,256,256,256,375,479,473,256,256,256,256,374,383,511,491,256,308,383,511,511,511,511,511,511,511,511,511,511,511,511,511,511,511,511,511,511,511,511,511,511,511,495,490,256,256,256,256,256,256,256,256,256,256,256,256,256,256,256,256,256,256,256,256,256,256,256,256,256,256,0
0,256,256,256,256,256,256,256,256,256,256,256,256,256,256,256,256,256,256,256,374,383,511,511,511,511,511,511,511,511,511,511,479,473,256,256,256,256,358,366,330,256,256,256,294,366,330,256,256,256,256,437,447,511,511,479,473,256,256,256,256,374,383,475,256,256,256,256,308,319,511,511,495,494,382,511,511,511,511,511,511,511,511,511,511,511,511,511,511,511,511,511,511,511,511,511,511,511,511,511,495,462,328,256,256,256,256,256,256,256,256,256,256,256,256,256,256,256,256,256,256,256,256,256,256,256,256,0
0,256,256,256,256,256,256,256,256,256,256,256,256,256,256,256,256,256,256,308,319,511,511,511,511,511,511,511,511,511,511,479,473,256,256,256,256,374,351,509,427,256,256,256,343,509,427,256,256,256,256,256,437,447,511,475,256,256,256,256,374,383,511,491,256,256,256,256,256,405,413,413,445,447,511,479,477,413,413,413,413,413,413,445,447,511,511,511,511,511,511,511,511,511,511,511,511,511,511,511,479,473,256,256,256,256,256,256,256,256,256,256,256,256,256,256,256,256,256,256,256,256,256,256,256,256,256,0
0,256,256,256,256,256,256,256,256,256,256,256,256,256,256,256,256,256,256,256,437,447,511,511,511,511,511,511,511,511,511,475,256,256,256,256,308,319,507,256,487,494,366,382,379,256,487,490,256,256,256,256,256,437,447,459,256,256,256,310,383,511,511,495,490,256,256,256,256,256,256,256,256,437,415,473,256,256,256,256,256,256,256,256,407,509,447,511,511,511,511,511,511,511,511,511,511,511,511,479,473,256,256,256,256,256,256,256,256,256,256,256,256,256,256,256,256,256,256,256,256,256,256,256,256,256,256,0
0,256,256,256,256,256,256,256,256,256,256,256,256,256,256,256,256,256,256,256,256,439,511,511,511,511,511,511,511,511,511,491,256,256,256,256,256,437,431,510,383,511,511,511,495,510,383,495,490,256,256,256,256,256,439,459,256,256,256,309,447,511,511,511,495,490,256,256,256,256,256,256,256,256,401,256,256,256,256,256,256,256,256,256,273,512,503,511,511,511,511,511,511,511,511,511,511,511,511,475,256,256,256,256,256,256,256,256,256,256,256,256,256,256,256,256,256,256,256,256,256,256,256,256,256,256,256,0
0,256,256,256,256,256,256,256,256,256,256,256,256,256,256,256,256,256,256,256,256,311,511,511,511,511,511,511,511,511,511,495,490,256,256,256,256,256,439,511,511,511,511,511,511,511,511,511,495,490,256,256,256,256,311,459,256,256,256,256,437,447,511,511,511,495,490,256,256,256,256,256,256,256,256,256,256,256,256,256,256,256,256,256,512,630,383,511,511,511,511,511,511,511,511,511,511,511,511,491,256,256,256,256,256,256,256,256,256,256,256,256,256,256,256,256,256,256,256,256,256,256,256,256,256,256,256,0
0,256,256,256,256,256,256,256,256,256,256,256,256,256,256,256,256,256,256,256,256,311,511,511,511,511,511,511,511,511,511,511,495,490,256,256,256,256,311,511,511,511,511,511,511,511,511,511,511,495,458,256,256,256,311,491,256,256,256,256,256,437,447,511,511,511,495,494,366,366,362,256,256,256,256,256,256,358,362,512,358,366,366,366,638,383,511,511,511,511,511,511,511,511,511,511,511,511,511,495,490,256,256,256,256,256,256,256,256,256,256,256,256,256,256,256,256,256,256,256,256,256,256,256,256,256,256,0
0,256,256,256,256,256,256,256,256,256,256,256,256,256,256,256,256,256,256,256,256,309,447,511,511,511,511,511,511,511,511,511,511,495,458,256,256,256,311,511,511,511,511,511,511,511,511,511,511,511,459,256,256,256,311,495,490,256,256,256,256,256,437,447,511,511,511,511,511,511,495,490,256,256,256,256,374,383,495,766,383,511,511,511,511,511,511,511,511,479,477,413,413,445,447,511,511,511,511,511,495,490,256,256,256,256,256,256,256,256,256,256,256,256,256,256,256,256,256,256,256,256,256,256,256,256,256,0
0,256,256,256,256,256,256,256,256,256,256,256,256,256,256,256,256,256,256,256,256,256,437,447,511,511,511,511,479,509,447,511,511,511,459,256,256,256,309,447,511,511,511,511,511,511,479,477,413,413,393,256,256,256,311,511,495,490,256,256,256,256,256,439,511,511,511,511,511,511,511,495,490,256,256,374,383,511,511,511,511,511,511,511,511,511,511,511,479,473,256,256,256,256,437,447,511,511,511,511,511,495,490,256,256,256,256,256,256,256,256,256,256,256,256,256,256,256,256,256,256,256,256,256,256,256,256,0
0,256,256,256,256,256,256,256,256,256,256,256,256,256,256,256,256,256,256,256,256,256,256,437,447,511,511,479,473,512,437,447,511,511,459,256,256,256,256,405,445,447,511,511,511,479,473,256,256,256,256,256,256,256,375,511,511,495,490,256,256,256,256,311,511,511,511,511,511,511,511,511,495,494,382,383,479,477,413,413,445,447,511,511,511,511,511,479,473,256,256,256,256,256,256,439,511,511,511,511,511,511,495,494,330,256,256,256,256,256,256,256,256,256,256,256,256,256,256,256,256,256,256,256,256,256,256,0
0,256,256,256,256,256,256,256,256,256,256,256,256,256,256,256,256,256,256,256,256,256,256,256,437,447,511,475,256,512,512,439,511,511,491,256,256,256,256,256,256,437,447,511,479,473,256,256,256,256,256,256,256,374,383,511,511,511,495,458,256,256,256,311,511,511,511,511,511,511,511,511,511,511,511,479,473,256,256,256,256,437,447,479,477,413,413,409,256,256,256,256,256,256,256,309,447,511,511,511,511,511,511,511,491,256,256,256,256,256,256,256,256,256,256,256,256,256,256,256,256,256,256,256,256,256,256,0
0,256,256,256,256,256,256,256,256,256,256,256,256,256,256,256,256,256,256,256,256,256,256,256,256,439,511,491,256,256,512,375,511,511,495,490,256,256,256,256,256,256,439,511,475,256,256,256,256,256,256,256,374,383,511,511,511,511,511,459,256,256,256,309,447,511,511,511,511,511,511,511,511,511,479,473,256,256,256,256,256,256,407,473,256,256,256,256,256,256,256,322,256,256,256,256,437,447,511,511,511,511,511,511,495,458,256,256,256,256,256,256,256,256,256,256,256,256,256,256,256,256,256,256,256,256,256,0
0,256,256,256,256,256,256,256,256,256,256,256,256,256,256,256,256,256,256,256,256,256,256,256,256,311,511,495,494,366,638,383,511,511,511,495,494,362,256,256,256,256,311,511,491,256,256,256,256,256,292,318,383,511,511,511,511,511,511,459,256,256,256,256,405,413,413,413,445,447,511,479,477,413,409,256,256,256,256,256,256,256,273,256,256,256,256,256,256,256,374,363,256,256,256,256,256,437,447,511,511,511,511,479,477,393,256,256,256,256,256,256,256,256,256,256,256,256,256,256,256,256,256,256,256,256,256,0
0,256,256,256,256,256,256,256,256,256,256,256,256,256,256,256,256,256,256,256,256,256,256,256,256,375,511,511,511,511,511,479,477,413,413,413,413,397,392,256,256,256,311,511,495,490,256,256,256,256,256,437,447,511,511,511,511,511,511,491,256,256,256,256,256,256,256,256,256,439,511,475,512,256,256,256,256,256,322,256,256,256,256,256,256,256,256,256,256,374,383,495,490,256,256,256,256,256,439,511,511,511,511,507,512,512,256,256,256,256,256,256,256,256,256,256,256,256,256,256,256,256,256,256,256,256,256,0
0,256,256,256,256,256,256,256,256,256,256,256,256,256,256,256,256,256,256,256,256,256,256,256,374,383,511,511,511,511,479,473,256,256,256,256,256,256,256,256,256,256,375,511,511,495,458,256,256,256,256,256,437,447,511,511,511,511,511,495,490,256,256,256,256,256,256,256,256,375,511,459,512,256,256,256,256,374,363,256,256,256,256,256,256,358,366,366,382,383,511,511,495,490,256,256,256,256,311,511,511,511,511,495,750,618,256,256,256,256,256,256,256,256,256,256,256,256,256,256,256,256,256,256,256,256,256,0
0,256,256,256,256,256,256,256,256,256,256,256,256,256,256,256,256,256,256,256,256,256,256,374,383,511,511,511,511,479,473,256,256,256,256,256,256,256,256,256,256,374,383,511,511,511,491,256,256,256,256,256,256,405,445,447,511,511,511,511,495,490,256,256,256,256,256,256,310,383,511,491,256,256,256,256,374,383,495,490,256,256,256,256,374,383,511,511,511,511,511,511,511,495,458,256,256,256,309,447,511,511,511,511,511,495,458,256,256,256,256,256,256,256,256,256,256,256,256,256,256,256,256,256,256,256,256,0
0,256,256,256,256,256,256,256,256,256,256,256,256,256,256,256,256,256,256,256,256,256,310,383,511,511,479,477,413,409,256,256,256,256,256,256,256,256,256,256,374,383,511,511,511,511,495,494,362,256,256,256,256,256,256,437,447,511,511,511,511,495,494,362,512,354,512,512,375,511,511,495,494,366,366,382,383,511,511,495,490,256,256,374,383,511,511,511,511,511,511,511,511,511,459,256,256,256,512,439,511,511,511,511,511,479,457,256,256,256,256,256,256,256,256,256,256,256,256,256,256,256,256,256,256,256,256,0
0,256,256,256,256,256,256,256,256,256,256,256,256,256,256,256,256,256,256,256,256,256,311,511,511,511,475,256,256,256,256,256,256,358,366,366,366,366,366,382,383,511,511,511,511,511,511,511,495,490,256,256,256,256,256,256,439,511,511,511,511,511,511,495,766,367,750,638,383,511,511,511,511,511,511,511,511,511,511,511,495,494,382,383,511,511,511,511,511,511,511,511,511,511,491,256,256,256,512,375,511,511,511,511,479,473,256,256,256,256,256,256,256,256,256,256,256,256,256,256,256,256,256,256,256,256,256,0
0,256,256,256,256,256,256,256,256,256,256,256,256,256,256,256,256,256,256,256,256,256,311,511,511,479,457,256,256,256,256,256,308,319,511,511,511,511,511,511,511,511,511,511,511,511,511,511,511,495,490,256,256,256,256,256,311,511,511,511,511,511,511,511,511,511,511,511,511,511,511,511,511,511,511,511,511,511,511,511,511,511,511,511,511,511,511,511,511,511,511,511,511,511,495,490,512,358,638,383,511,511,511,511,475,256,256,256,256,256,256,256,256,256,256,256,256,256,256,256,256,256,256,256,256,256,256,0
0,256,256,256,256,256,256,256,256,256,256,256,256,256,256,256,256,256,256,256,256,256,375,511,511,507,512,256,256,256,256,354,256,503,511,511,511,511,511,511,511,511,511,511,511,511,511,511,511,511,495,494,330,256,256,256,311,511,511,511,511,511,511,511,511,511,511,511,511,511,511,511,511,511,511,479,477,413,413,413,413,413,445,447,511,511,511,511,511,511,511,511,511,511,511,495,766,383,511,511,511,511,511,479,457,256,256,256,256,256,256,256,256,256,256,256,256,256,256,256,256,256,256,256,256,256,256,0
0,256,256,256,256,256,256,256,256,256,256,256,256,256,256,256,256,256,256,256,256,374,383,511,511,495,750,362,512,512,310,367,510,383,511,511,511,511,511,511,511,511,511,511,511,511,511,511,511,511,511,511,459,256,256,256,311,511,511,511,511,511,511,511,511,511,511,511,511,511,511,511,511,511,479,473,256,256,256,256,256,256,256,437,447,511,511,511,511,511,511,511,511,511,511,511,511,511,511,511,511,511,479,473,256,256,256,256,256,256,256,256,256,256,256,256,256,256,256,256,256,256,256,256,256,256,256,0
0,256,256,256,256,256,256,256,256,256,256,256,256,256,256,256,256,256,256,256,374,383,511,511,511,511,511,495,746,512,375,511,511,511,511,511,511,511,511,511,511,511,511,511,511,511,511,511,511,511,511,511,459,256,256,256,311,511,511,511,511,511,511,479,509,447,479,509,447,511,511,511,511,511,475,256,256,256,256,256,256,256,256,256,439,511,511,511,511,511,511,511,511,511,511,511,511,511,511,511,511,479,473,512,256,256,256,256,256,256,256,256,256,256,256,256,256,256,256,256,256,256,256,256,256,256,256,0
0,256,256,256,256,256,256,256,256,256,256,256,256,256,256,256,256,256,256,310,383,511,511,511,511,511,511,511,495,766,383,511,511,511,479,509,447,511,479,477,445,447,511,511,511,511,511,511,511,511,511,511,459,256,256,256,375,511,511,511,511,511,511,475,512,439,475,512,439,511,511,511,511,511,459,256,256,256,256,256,256,256,256,256,311,511,511,511,511,511,511,511,511,511,511,511,511,511,511,511,511,475,512,512,256,256,256,256,256,256,256,256,256,256,256,256,256,256,256,256,256,256,256,256,256,256,256,0
0,256,256,256,256,256,256,256,256,256,256,256,256,256,256,256,256,256,256,309,447,511,511,511,511,511,511,511,511,511,511,511,511,511,475,256,437,447,475,256,256,439,511,511,511,511,511,511,511,511,511,511,491,512,358,382,383,511,511,511,511,511,511,459,512,311,491,512,375,511,511,511,511,511,459,256,256,256,294,366,330,256,256,256,311,511,511,511,511,511,511,511,511,511,511,511,511,511,511,511,511,459,512,256,256,256,256,256,256,256,256,256,256,256,256,256,256,256,256,256,256,256,256,256,256,256,256,0
0,256,256,256,256,256,256,256,256,256,256,256,256,256,256,256,256,256,256,256,437,447,511,511,511,511,511,511,511,511,511,511,511,479,457,256,256,439,459,256,256,311,511,511,511,511,511,511,511,511,511,511,495,766,383,511,511,511,511,511,511,511,511,491,512,375,495,766,383,511,511,511,511,479,457,256,256,256,311,511,459,256,256,256,311,511,511,511,511,511,511,511,511,511,511,511,511,511,511,511,511,459,512,256,256,256,256,256,256,256,256,256,256,256,256,256,256,256,256,256,256,256,256,256,256,256,256,0
0,256,256,256,256,256,256,256,256,256,256,256,256,256,256,256,256,256,256,256,256,437,447,511,511,511,511,511,511,511,511,511,511,475,256,256,256,375,459,256,256,375,511,511,511,511,511,511,511,511,511,511,511,511,511,511,511,511,511,511,511,511,511,495,766,383,511,511,511,511,511,511,479,473,256,256,256,256,375,511,491,256,256,256,375,511,511,511,511,511,511,511,511,511,511,511,511,511,511,511,511,491,256,256,256,256,256,256,256,256,256,256,256,256,256,256,256,256,256,256,256,256,256,256,256,256,256,0
0,256,256,256,256,256,256,256,256,256,256,256,256,256,256,256,256,256,256,256,256,256,437,447,511,511,511,511,511,511,511,511,511,491,512,358,382,383,491,256,374,383,511,511,479,477,413,413,445,447,511,511,511,511,511,511,511,511,511,511,511,511,511,511,511,511,511,511,511,511,511,479,473,256,256,256,256,374,383,511,495,494,366,382,383,511,511,511,511,511,511,511,511,511,511,511,511,511,511,511,511,495,490,256,256,256,256,256,256,256,256,256,256,256,256,256,256,256,256,256,256,256,256,256,256,256,256,0
0,256,256,256,256,256,256,256,256,256,256,256,256,256,256,256,256,256,256,256,256,256,256,439,511,511,511,511,511,479,509,447,511,495,766,383,511,511,495,510,383,511,511,479,473,256,256,256,256,437,447,511,511,511,511,511,511,511,511,511,511,511,511,511,511,511,511,511,511,479,477,409,256,256,256,256,308,319,511,511,511,511,511,511,511,511,511,511,511,511,511,511,511,511,511,511,511,511,511,511,511,511,495,490,256,256,256,256,256,256,256,256,256,256,256,256,256,256,256,256,256,256,256,256,256,256,256,0
0,256,256,256,256,256,256,256,256,256,256,256,256,256,256,256,256,256,256,256,256,256,256,311,511,511,479,509,415,473,512,439,511,511,511,511,511,511,511,511,511,511,479,473,256,256,256,256,256,256,439,511,511,511,511,479,477,413,413,413,413,413,445,447,511,511,511,511,479,473,256,256,256,256,256,256,256,437,447,511,511,511,511,511,511,511,511,511,511,511,511,511,511,511,511,479,477,413,445,447,511,511,511,495,458,256,256,256,256,256,256,256,256,256,256,256,256,256,256,256,256,256,256,256,256,256,256,0
0,256,256,256,256,256,256,256,256,256,256,256,256,256,256,256,256,256,256,256,256,256,256,311,511,511,507,512,467,256,512,277,413,413,413,445,447,511,511,511,511,479,473,256,256,256,256,256,256,256,309,447,511,511,479,473,256,256,256,256,256,256,256,437,447,511,511,479,473,256,256,256,256,256,256,256,256,256,437,447,511,511,511,511,511,511,511,511,511,511,511,511,511,511,479,473,256,256,256,437,447,511,511,511,459,256,256,256,256,256,256,256,256,256,256,256,256,256,256,256,256,256,256,256,256,256,256,0
0,256,256,256,256,256,256,256,256,256,256,256,256,256,256,256,256,256,256,256,256,256,256,309,447,511,495,734,329,256,256,256,256,256,256,256,437,415,509,447,479,473,256,256,256,256,256,256,256,256,256,437,447,479,473,256,256,256,256,256,256,256,256,256,439,511,479,473,256,256,256,256,256,256,256,256,256,256,256,437,447,511,511,511,511,511,511,511,511,511,511,511,511,479,473,256,256,256,256,256,405,413,445,447,459,256,256,256,256,256,256,256,256,256,256,256,256,256,256,256,256,256,256,256,256,256,256,0
0,256,256,256,256,256,256,256,256,256,256,256,256,256,256,256,256,256,256,256,256,256,256,256,405,413,413,409,256,256,256,256,256,256,256,256,256,435,512,471,473,256,256,256,256,256,256,256,256,256,256,256,405,409,256,256,256,256,256,256,256,256,256,256,309,415,473,256,256,256,256,256,256,256,256,256,256,256,256,256,405,413,413,413,413,413,413,413,413,413,413,413,413,409,256,256,256,256,256,256,256,256,256,407,457,256,256,256,256,256,256,256,256,256,256,256,256,256,256,256,256,256,256,256,256,256,256,0
0,256,256,256,256,256,256,256,256,256,256,256,256,256,256,256,256,256,256,256,256,256,256,256,256,256,256,256,256,256,256,256,256,256,256,256,256,261,668,281,256,256,256,256,256,256,256,256,256,256,256,256,256,256,256,256,256,256,256,256,256,256,256,256,256,401,256,256,256,256,256,256,256,256,256,256,256,256,256,256,256,256,256,256,256,256,256,256,256,256,256,256,256,256,256,256,256,256,256,256,256,256,256,273,256,256,256,256,256,256,256,256,256,256,256,256,256,256,256,256,256,256,256,256,256,256,256,0
0,256,256,256,256,256,256,256,256,256,256,256,256,256,256,256,256,256,256,256,256,256,256,256,256,256,256,256,256,256,256,256,256,256,256,256,256,256,256,256,256,256,256,256,256,256,256,256,256,256,256,256,256,256,256,256,256,256,256,256,256,256,256,256,256,256,256,256,256,256,256,256,256,256,256,256,256,256,256,256,256,256,256,256,256,256,256,256,256,256,256,256,256,256,256,256,256,256,256,256,256,256,256,256,256,256,256,256,256,256,256,256,256,256,256,256,256,256,256,256,256,256,256,256,256,256,256,0
0,256,256,256,256,256,256,256,256,256,256,256,256,256,256,256,256,256,256,256,256,256,256,256,256,256,256,256,256,256,256,256,256,256,256,256,256,256,256,256,256,256,256,256,256,256,256,256,256,256,256,256,256,256,256,256,256,256,256,256,256,256,256,256,256,256,256,256,256,256,256,256,256,256,256,256,256,256,256,256,256,256,256,256,256,256,256,256,256,256,256,256,256,256,256,256,256,256,256,256,256,256,256,256,256,256,256,256,256,256,256,256,256,256,256,256,256,256,256,256,256,256,256,256,256,256,256,0
0,256,256,256,256,256,256,256,256,256,256,256,256,256,256,256,256,256,256,256,256,256,256,256,256,256,256,256,256,256,256,256,256,256,256,256,256,256,256,256,256,256,256,256,256,256,256,256,256,256,256,256,256,256,256,256,256,256,256,256,256,256,256,256,256,256,256,256,256,256,256,256,256,256,256,256,256,256,256,256,256,256,256,256,256,256,256,256,256,256,256,256,256,256,256,256,256,256,256,256,256,256,256,256,256,256,256,256,256,256,256,256,256,256,256,256,256,256,256,256,256,256,256,256,256,256,256,0
0,256,256,256,256,256,256,256,256,256,256,256,256,256,256,256,256,256,256,256,256,256,256,256,256,256,256,256,256,256,256,256,256,256,256,256,256,256,256,256,256,256,256,256,256,256,256,256,256,256,256,256,256,256,256,256,256,256,256,256,256,256,256,256,256,256,256,256,256,256,256,256,256,256,256,256,256,256,256,256,256,256,256,256,256,256,256,256,256,256,256,256,256,256,256,256,256,256,256,256,256,256,256,256,256,256,256,256,256,256,256,256,256,256,256,256,256,256,256,256,256,256,256,256,256,256,256,0
0,256,256,256,256,256,256,256,256,256,256,256,256,256,256,256,256,256,256,256,256,256,256,256,256,256,256,256,256,256,256,256,256,256,256,256,256,256,256,256,256,256,256,256,256,256,256,256,256,256,256,256,256,256,256,256,256,256,256,256,256,256,256,256,256,256,256,256,256,256,256,256,256,256,256,256,256,256,256,256,256,256,256,256,256,256,256,256,256,256,256,256,256,256,256,256,256,256,256,256,256,256,256,256,256,256,256,256,256,256,256,256,256,256,256,256,256,256,256,256,256,256,256,256,256,256,256,0
0,256,256,256,256,256,256,256,256,256,256,256,256,256,256,256,256,256,256,256,256,256,256,256,256,256,256,256,256,256,256,256,256,256,256,256,256,256,256,256,256,256,256,256,256,256,256,256,256,256,256,256,256,256,256,256,256,256,256,256,256,256,256,256,256,256,256,256,256,256,256,256,256,256,256,256,256,256,256,256,256,256,256,256,256,256,256,256,256,256,256,256,256,256,256,256,256,256,256,256,256,256,256,256,256,256,256,256,256,256,256,256,256,256,256,256,256,256,256,256,256,256,256,256,256,256,256,0
0,256,256,256,256,256,256,256,256,256,256,256,256,256,256,256,256,256,256,256,256,256,256,256,256,256,256,256,256,256,256,256,256,256,256,256,256,256,256,256,256,256,256,256,256,256,256,256,256,256,256,256,256,256,256,256,256,256,256,256,256,256,256,256,256,256,256,256,256,256,256,256,256,256,256,256,256,256,256,256,256,256,256,256,256,256,256,256,256,256,256,256,256,256,256,256,256,256,256,256,256,256,256,256,256,256,256,256,256,256,256,256,256,256,256,256,256,256,256,256,256,256,256,256,256,256,256,0
0,256,256,256,256,256,256,256,256,256,256,256,256,256,256,256,256,256,256,256,256,256,256,256,256,256,256,256,256,256,256,256,256,256,256,256,256,256,256,256,256,256,256,256,256,256,256,256,256,256,256,256,256,256,256,256,256,256,256,256,256,256,256,256,256,256,256,256,256,256,256,256,256,256,256,256,256,256,256,256,256,256,256,256,256,256,256,256,256,256,256,256,256,256,256,256,256,256,256,256,256,256,256,256,256,256,256,256,256,256,256,256,256,256,256,256,256,256,256,256,256,256,256,256,256,256,256,0
0,256,256,256,256,256,256,256,256,256,256,256,256,256,256,256,256,256,256,256,256,256,256,256,256,256,256,256,256,256,256,256,256,256,256,256,256,256,256,256,256,256,256,256,256,256,256,256,256,256,256,256,256,256,256,256,256,256,256,256,256,256,256,256,256,256,256,256,256,256,256,256,256,256,256,256,256,256,256,256,256,256,256,256,256,256,256,256,256,256,256,256,256,256,256,256,256,256,256,256,256,256,256,256,256,256,256,256,256,256,256,256,256,256,256,256,256,256,256,256,256,256,256,256,256,256,256,0
0,256,256,256,256,256,256,256,256,256,256,256,256,256,256,256,256,256,256,256,256,256,256,256,256,256,256,256,256,256,256,256,256,256,256,256,256,256,256,256,256,256,256,256,256,256,256,256,256,256,256,256,256,256,256,256,256,256,256,256,256,256,256,256,256,256,256,256,256,256,256,256,256,256,256,256,256,256,256,256,256,256,256,256,256,256,256,256,256,256,256,256,256,256,256,256,256,256,256,256,256,256,256,256,256,256,256,256,256,256,256,256,256,256,256,256,256,256,256,256,256,256,256,256,256,256,256,0
0,256,256,256,256,256,256,256,256,256,256,256,256,256,256,256,256,256,256,256,256,256,256,256,256,256,256,256,256,256,256,256,256,256,256,256,256,256,256,256,256,256,256,256,256,256,256,256,256,256,256,256,256,256,256,256,256,256,256,256,256,256,256,256,256,256,256,256,256,256,256,256,256,256,256,256,256,256,256,256,256,256,256,256,256,256,256,256,256,256,256,256,256,256,256,256,256,256,256,256,256,256,256,256,256,256,256,256,256,256,256,256,256,256,256,256,256,256,256,256,256,256,256,256,256,256,256,0
0,256,256,256,256,256,256,256,256,256,256,256,256,256,256,256,256,256,256,256,256,256,256,256,256,256,256,256,256,256,256,256,256,256,256,256,256,256,256,256,256,256,256,256,256,256,256,256,256,256,256,256,256,256,256,256,256,256,256,256,256,256,256,256,256,256,256,256,256,256,256,256,256,256,256,256,256,256,256,256,256,256,256,256,256,256,256,256,256,256,256,256,256,256,256,256,256,256,256,256,256,256,256,256,256,256,256,256,256,256,256,256,256,256,256,256,256,256,256,256,256,256,256,256,256,256,256,0
0,256,256,256,256,256,256,256,256,256,256,256,256,256,256,256,256,256,256,256,256,256,256,256,256,256,256,256,256,256,256,256,256,256,256,256,256,256,256,256,256,256,256,256,256,256,256,256,256,256,256,256,256,256,256,256,256,256,256,256,256,256,256,256,256,256,256,256,256,256,256,256,256,256,256,256,256,256,256,256,256,256,256,256,256,256,256,256,256,256,256,256,256,256,256,256,256,256,256,256,256,256,256,256,256,256,256,256,256,256,256,256,256,256,256,256,256,256,256,256,256,256,256,256,256,256,256,0
0,256,256,256,256,256,256,256,256,256,256,256,256,256,256,256,256,256,256,256,256,256,256,256,256,256,256,256,256,256,256,256,256,256,256,256,256,256,256,256,256,256,256,256,256,256,256,256,256,256,256,256,256,256,256,256,256,256,256,256,256,256,256,256,256,256,256,256,256,256,256,256,256,256,256,256,256,256,256,256,256,256,256,256,256,256,256,256,256,256,256,256,256,256,256,256,256,256,256,256,256,256,256,256,256,256,256,256,256,256,256,256,256,256,256,256,256,256,256,256,256,256,256,256,256,256,256,0
0,256,256,256,256,256,256,256,256,256,256,256,256,256,256,256,256,256,256,256,256,256,256,256,256,256,256,256,256,256,256,256,256,256,256,256,256,256,256,256,256,256,256,256,256,256,256,256,256,256,256,256,256,256,256,256,256,256,256,256,256,256,256,256,256,256,256,256,256,256,256,256,256,256,256,256,256,256,256,256,256,256,256,256,256,256,256,256,256,256,256,256,256,256,256,256,256,256,256,256,256,256,256,256,256,256,256,256,256,256,256,256,256,256,256,256,256,256,256,256,256,256,256,256,256,256,256,0
0,256,256,256,256,256,256,256,256,256,256,256,256,256,256,256,256,256,256,256,256,256,256,256,256,256,256,256,256,256,256,256,256,256,256,256,256,256,256,256,256,256,256,256,256,256,256,256,256,256,256,256,256,256,256,256,256,256,256,256,256,256,256,256,256,256,256,256,256,256,256,256,256,256,256,256,256,256,256,256,256,256,256,256,256,256,256,256,256,256,256,256,256,256,256,256,256,256,256,256,256,256,256,256,256,256,256,256,256,256,256,256,256,256,256,256,256,256,256,256,256,256,256,256,256,256,256,0
0,256,256,256,256,256,256,256,256,256,256,256,256,256,256,256,256,256,256,256,256,256,256,256,256,256,256,256,256,256,256,256,256,256,256,256,256,256,256,256,256,256,256,256,256,256,256,256,256,256,256,256,256,256,256,256,256,256,256,256,256,256,256,256,256,256,256,256,256,256,256,256,256,256,256,256,256,256,256,256,256,256,256,256,256,256,256,256,256,256,256,256,256,256,256,256,256,256,256,256,256,256,256,256,256,256,256,256,256,256,256,256,256,256,256,256,256,256,256,256,256,256,256,256,256,256,256,0
0,256,256,256,256,256,256,256,256,256,256,256,256,256,256,256,256,256,256,256,256,256,256,256,256,256,256,256,256,256,256,256,256,256,256,256,256,256,256,256,256,256,256,256,256,256,256,256,256,256,256,256,256,256,256,256,256,256,256,256,256,256,256,256,256,256,256,256,256,256,256,256,256,256,256,256,256,256,256,256,256,256,256,256,256,256,256,256,256,256,256,256,256,256,256,256,256,256,256,256,256,256,256,256,256,256,256,256,256,256,256,256,256,256,256,256,256,256,256,256,256,256,256,256,256,256,256,0
0,256,256,256,256,256,256,256,256,256,256,256,256,256,256,256,256,256,256,256,256,256,256,256,256,256,256,256,256,256,256,256,256,256,256,256,256,256,256,256,256,256,256,256,256,256,256,256,256,256,256,256,256,256,256,256,256,256,256,256,256,256,256,256,256,256,256,256,256,256,256,256,256,256,256,256,256,256,256,256,256,256,256,256,256,256,256,256,256,256,256,256,256,256,256,256,256,256,256,256,256,256,256,256,256,256,256,256,256,256,256,256,256,256,256,256,256,256,256,256,256,256,256,256,256,256,256,0
0,0,0,0,0,0,0,0,0,0,0,0,0,0,0,0,0,0,0,0,0,0,0,0,0,0,0,0,0,0,0,0,0,0,0,0,0,0,0,0,0,0,0,0,0,0,0,0,0,0,0,0,0,0,0,0,0,0,0,0,0,0,0,0,0,0,0,0,0,0,0,0,0,0,0,0,0,0,0,0,0,0,0,0,0,0,0,0,0,0,0,0,0,0,0,0,0,0,0,0,0,0,0,0,0,0,0,0,0,0,0,0,0,0,0,0,0,0,0,0,0,0,0,0,0,0,0,0
