32768
32895
32768
32895
0,0,0,0,0,0,0,0,0,0,0,0,0,0,0,0,0,0,0,0,0,0,0,0,0,0,0,0,0,0,0,0,0,0,0,0,0,0,0,0,0,0,0,0,0,0,0,0,0,0,0,0,0,0,0,0,0,0,0,0,0,0,0,0,0,0,0,0,0,0,0,0,0,0,0,0,0,0,0,0,0,0,0,0,0,0,0,0,0,0,0,0,0,0,0,0,0,0,0,0,0,0,0,0,0,0,0,0,0,0,0,0,0,0,0,0,0,0,0,0,0,0,0,0,0,0,0,0
0,256,256,256,256,256,256,256,256,256,256,256,256,256,256,256,256,256,256,256,256,256,256,256,256,256,256,256,256,256,256,256,256,256,256,256,256,256,256,256,256,256,256,256,256,256,256,256,256,256,256,256,256,256,256,256,256,256,256,256,256,256,256,256,256,256,256,256,256,256,256,256,256,256,256,256,256,256,256,256,256,256,256,256,256,256,256,256,256,256,256,256,256,256,256,256,256,256,256,256,256,256,256,256,256,256,256,256,256,256,256,256,256,256,256,256,256,256,256,256,256,256,256,256,256,256,256,0
0,256,256,256,256,256,256,256,256,256,256,256,256,256,256,256,256,256,256,256,256,256,256,256,256,256,256,256,256,256,256,256,256,256,256,256,256,256,256,256,256,256,256,256,256,256,256,256,256,256,256,256,256,256,256,256,256,256,256,256,256,256,256,256,256,256,256,256,256,256,256,256,256,256,256,256,256,256,256,256,256,256,256,256,256,256,256,256,256,256,256,256,256,256,256,256,256,256,256,256,256,256,256,256,256,256,256,256,256,256,256,256,256,256,256,256,256,256,256,256,256,256,256,256,256,256,256,0
0,256,256,256,256,256,256,256,256,256,256,256,256,256,256,256,256,256,256,256,256,256,256,256,256,256,256,256,256,256,256,256,256,256,256,256,256,256,256,256,256,256,256,256,256,256,256,256,256,256,256,256,256,256,256,256,256,256,256,256,256,256,256,256,256,256,256,256,256,256,256,256,256,256,256,256,256,256,256,256,256,256,256,256,256,256,256,256,256,256,256,256,256,256,256,256,256,256,256,256,256,256,256,256,256,256,256,256,256,256,256,256,256,256,256,256,256,256,256,256,256,256,256,256,256,256,256,0
0,256,256,256,256,256,256,256,256,256,256,256,256,256,256,256,256,256,256,256,256,256,256,256,256,256,256,256,256,256,256,256,256,256,256,256,256,256,256,256,256,256,256,256,256,256,256,256,256,256,256,256,256,256,256,256,256,256,256,256,256,256,256,256,256,256,256,256,256,256,256,256,256,256,256,256,256,256,256,256,256,256,256,256,256,256,256,256,256,256,256,256,256,256,256,256,256,256,256,256,256,256,256,256,256,256,256,256,256,256,256,256,256,256,256,256,256,256,256,256,256,256,256,256,256,256,256,0
0,256,256,256,256,256,256,256,256,256,256,256,256,256,256,256,256,256,256,256,256,256,256,256,256,256,256,256,256,256,256,256,256,256,256,256,256,256,256,256,256,256,256,256,256,256,256,256,256,256,256,256,256,256,256,256,256,256,256,256,256,256,256,256,256,256,256,256,256,256,256,256,256,256,256,256,256,256,256,256,256,256,256,256,256,256,256,256,256,256,256,256,256,256,256,256,256,256,256,256,256,256,256,256,256,256,256,256,256,256,256,256,256,256,256,256,256,256,256,256,256,256,256,256,256,256,256,0
0,256,256,256,256,256,256,256,256,256,256,256,256,256,256,256,256,256,256,256,256,256,256,256,256,256,256,256,256,256,256,256,256,256,256,256,256,256,256,256,256,256,256,256,256,256,256,256,256,256,256,256,256,256,256,256,256,256,256,256,256,256,256,256,256,256,256,256,256,256,256,256,256,256,256,256,256,256,256,256,256,256,256,256,256,256,256,256,256,256,256,256,256,256,256,256,256,256,256,256,256,256,256,256,256,256,256,256,256,256,256,256,256,256,256,256,256,256,256,256,256,256,256,256,256,256,256,0
0,256,256,256,256,256,256,256,256,256,256,256,256,256,256,256,256,256,256,256,256,256,256,256,256,256,256,256,256,256,256,256,256,256,256,256,256,256,256,256,256,256,256,256,256,256,256,256,256,256,256,256,256,256,256,256,256,256,256,256,256,256,256,256,256,256,256,256,256,256,256,256,256,256,256,256,256,256,256,256,256,256,256,256,256,256,256,256,256,256,256,256,256,256,256,256,256,256,256,256,256,256,256,256,256,256,256,256,256,256,256,256,256,256,256,256,256,256,256,256,256,256,256,256,256,256,256,0
0,256,256,256,256,256,256,256,256,256,256,256,256,256,256,256,256,256,256,256,256,256,256,256,256,256,256,256,256,256,256,256,256,256,256,256,256,256,256,256,256,256,256,256,256,256,256,256,256,256,256,256,256,256,256,256,256,256,256,256,256,256,256,256,256,256,256,256,256,256,256,256,256,256,256,256,256,256,256,256,256,256,256,256,256,256,256,256,256,256,256,256,256,256,256,256,256,256,256,256,256,256,256,256,256,256,256,256,256,256,256,256,256,256,256,256,256,256,256,256,256,256,256,256,256,256,256,0
0,256,256,256,256,256,256,256,256,256,256,256,256,256,256,256,256,256,256,256,256,256,256,256,256,256,256,256,256,256,256,256,256,256,256,256,256,256,256,256,256,256,256,256,256,256,256,256,256,256,256,256,256,256,256,256,256,256,256,256,256,256,256,256,256,256,256,256,256,256,256,256,256,256,256,256,256,256,256,256,256,256,256,256,256,256,256,256,256,256,256,256,256,256,256,256,256,256,256,256,256,256,256,256,256,256,256,256,256,256,256,256,256,256,256,256,256,256,256,256,256,256,256,256,256,256,256,0
0,256,256,256,256,256,256,256,256,256,256,256,256,256,256,256,256,256,256,256,256,256,256,256,256,256,256,256,256,256,256,256,256,256,256,256,256,256,256,256,256,256,256,256,256,256,256,256,256,256,256,256,256,256,256,256,256,256,256,256,256,256,256,256,256,256,256,256,256,256,256,256,256,256,256,256,256,256,256,256,256,256,256,256,256,256,256,256,256,256,256,256,256,256,256,256,256,256,256,256,256,256,256,256,256,256,256,256,256,256,256,256,256,256,256,256,256,256,256,256,256,256,256,256,256,256,256,0
0,256,256,256,256,256,256,256,256,256,256,256,256,256,256,256,256,256,256,256,256,256,256,256,256,256,256,256,256,256,256,256,256,256,256,256,256,256,256,256,256,256,256,256,256,256,256,256,256,256,256,256,256,256,256,256,256,256,256,256,256,256,256,256,256,256,256,256,256,256,256,256,256,256,256,256,256,256,256,256,256,256,256,256,256,256,256,256,256,256,256,256,256,256,256,256,256,256,256,256,256,256,256,256,256,256,256,256,256,256,256,256,256,256,256,256,256,256,256,256,256,256,256,256,256,256,256,0
0,256,256,256,256,256,256,256,256,256,256,256,256,256,256,256,256,256,256,256,256,256,256,256,256,256,256,256,256,256,256,256,256,256,256,256,256,256,256,256,256,256,256,256,256,256,256,256,256,256,256,256,256,256,256,256,256,256,256,256,256,256,256,256,256,256,256,256,256,256,256,256,256,256,256,256,256,256,256,256,256,256,256,256,256,256,256,256,256,256,256,256,256,256,256,256,256,256,256,256,256,256,256,256,256,256,256,256,256,256,256,256,256,256,256,256,256,256,256,256,256,256,256,256,256,256,256,0
0,256,256,256,256,256,256,256,256,256,256,256,256,256,256,256,256,256,256,256,256,256,256,256,256,256,256,256,256,256,256,256,256,256,256,256,256,256,256,256,256,256,256,256,256,256,256,256,256,256,256,256,256,256,256,256,256,256,256,256,256,256,256,256,256,256,256,256,256,256,256,256,256,256,256,256,256,256,256,256,256,256,256,256,256,256,256,256,256,256,256,256,256,256,256,256,256,256,256,256,256,256,256,256,256,256,256,256,256,256,256,256,256,256,256,256,256,256,256,256,256,256,256,256,256,256,256,0
0,256,256,256,256,256,256,256,256,256,256,256,256,256,256,256,256,256,256,256,256,256,256,256,256,256,256,256,256,256,256,256,256,256,256,256,256,256,256,256,256,256,256,256,256,256,256,256,256,256,256,256,256,256,256,256,256,256,256,256,256,256,256,256,256,256,256,256,256,256,256,256,256,256,256,256,256,256,256,256,256,256,256,256,256,256,256,256,256,256,256,256,256,256,256,256,256,256,256,256,256,256,256,256,256,256,256,256,256,256,256,256,256,256,256,256,256,256,256,256,256,256,256,256,256,256,256,0
0,256,256,256,256,256,256,256,256,256,256,256,256,256,256,256,256,256,256,256,256,256,256,256,256,256,256,256,256,256,256,256,256,256,256,256,256,256,256,256,256,256,256,256,256,256,256,256,256,256,256,256,256,256,256,256,256,256,256,256,256,256,256,256,256,256,256,256,256,256,256,256,256,256,256,256,256,256,256,256,256,256,256,256,256,256,256,256,256,256,256,256,256,256,256,256,256,256,256,256,256,256,256,256,256,256,256,256,256,256,256,256,256,256,256,256,256,256,256,256,256,256,256,256,256,256,256,0
0,256,256,256,256,256,256,256,256,256,256,256,256,256,256,256,256,256,256,256,256,256,256,256,256,256,256,256,256,256,256,256,256,256,256,256,256,256,256,256,256,256,256,256,256,256,256,256,256,256,256,256,256,256,256,256,256,256,256,256,256,256,256,256,256,256,256,256,256,256,256,256,256,256,256,256,256,256,256,256,256,256,256,256,256,256,256,256,256,256,256,256,256,256,256,256,256,256,256,256,256,256,256,256,256,256,256,256,256,256,256,256,256,256,256,256,256,256,256,256,256,256,256,256,256,256,256,0
0,256,256,256,256,256,256,256,256,256,256,256,256,256,256,256,256,256,256,256,256,256,256,256,256,256,256,256,256,256,256,256,256,256,256,256,256,256,256,256,256,256,256,256,256,256,256,256,256,256,256,256,256,256,256,256,256,256,256,256,256,256,256,256,256,256,256,256,256,256,256,256,256,256,256,256,256,256,256,256,256,256,256,256,256,256,256,256,256,256,256,256,256,256,256,256,256,256,256,256,256,256,256,256,256,256,256,256,256,256,256,256,256,256,256,256,256,256,256,256,256,256,256,256,256,256,256,0
0,256,256,256,256,256,256,256,256,256,256,256,256,256,256,256,256,256,256,256,256,256,256,256,256,256,256,256,256,256,256,256,256,256,256,256,256,256,256,256,256,256,256,256,256,256,256,256,256,256,256,256,256,256,256,256,256,256,256,256,256,256,256,256,256,256,256,256,256,256,256,256,256,256,256,256,256,256,256,256,256,256,256,256,256,256,256,256,256,256,256,256,256,256,256,256,256,256,256,256,256,256,256,256,256,256,256,256,256,256,256,256,256,256,256,256,256,256,256,256,256,256,256,256,256,256,256,0
0,256,256,256,256,256,256,256,256,256,256,256,256,256,256,256,256,256,256,256,256,256,256,354,256,256,256,256,256,256,256,256,256,256,256,256,256,256,256,256,256,256,256,256,358,362,256,256,256,290,256,354,256,256,256,256,256,256,256,256,256,256,256,256,256,256,256,256,256,256,256,256,256,256,256,256,256,256,256,256,256,256,358,362,256,322,256,256,256,256,256,256,256,256,256,256,256,256,256,256,256,256,256,256,256,256,256,256,256,256,256,256,256,256,256,256,256,256,256,256,256,256,256,256,256,256,256,0
0,256,256,256,256,256,256,256,256,256,256,256,256,256,256,256,256,256,256,256,292,302,382,335,456,256,256,256,256,256,256,256,256,256,256,256,256,354,256,256,256,256,256,374,383,495,490,256,256,359,510,367,494,366,362,256,326,364,266,256,256,256,256,256,256,256,256,256,256,256,256,256,256,256,256,256,256,256,256,256,256,374,383,495,510,331,256,256,256,358,366,366,362,256,256,256,256,256,256,256,256,322,256,256,256,256,256,256,256,256,256,256,256,256,256,256,256,256,256,256,256,256,256,256,256,256,256,0
0,256,256,256,256,256,256,256,256,256,256,256,256,256,256,256,256,256,256,256,256,439,479,473,256,256,256,256,256,256,256,256,256,256,256,358,382,367,494,362,256,256,374,383,511,511,495,494,382,383,511,511,511,511,495,510,379,256,483,256,256,256,256,256,256,256,256,256,256,256,256,256,256,256,256,256,256,256,256,256,310,383,511,511,511,491,256,358,382,383,511,511,495,458,256,256,256,256,256,294,382,363,256,256,256,256,256,256,256,256,256,256,256,256,256,256,256,256,256,256,256,256,256,256,256,256,256,0
0,256,256,256,256,256,256,256,256,256,256,256,256,256,256,256,256,256,256,256,256,343,473,256,256,256,256,256,256,256,256,256,358,366,382,383,511,511,511,495,494,382,383,511,511,511,511,511,479,509,447,511,511,511,511,511,495,510,367,494,362,256,256,256,256,256,256,256,256,256,256,256,256,256,256,256,256,256,256,256,375,511,511,511,511,495,510,383,479,509,447,511,479,457,256,256,256,256,256,375,479,493,430,330,256,256,256,290,256,256,256,256,256,256,256,256,256,256,256,256,256,256,256,256,256,256,256,0
0,256,256,256,256,256,256,256,256,256,256,256,256,256,256,256,256,256,256,256,374,379,256,256,322,256,256,256,256,256,294,382,383,511,479,509,447,511,511,511,511,511,511,479,509,447,511,479,473,256,503,511,511,511,511,511,511,511,511,511,495,458,256,256,294,366,366,366,366,362,256,256,256,256,256,256,256,256,256,374,383,511,511,511,511,511,511,511,507,512,503,511,507,256,256,358,366,366,382,383,507,256,503,459,256,256,256,295,458,256,256,256,256,256,256,256,256,256,256,256,256,256,256,256,256,256,256,0
0,256,256,256,256,256,256,256,256,256,256,256,256,256,256,256,256,256,256,310,383,495,494,382,331,256,256,256,256,256,311,511,511,511,507,512,503,511,511,511,511,511,511,507,256,503,511,507,256,374,383,511,511,511,511,511,511,511,511,511,511,491,256,256,343,477,445,447,511,495,494,362,256,256,256,256,256,256,374,383,511,511,511,511,511,511,511,511,495,766,383,511,495,494,382,383,511,511,511,479,461,412,317,395,256,256,256,375,459,256,256,256,256,256,256,256,256,256,256,256,256,256,256,256,256,256,256,0
0,256,256,256,256,256,256,256,256,256,256,256,256,256,256,256,256,256,256,309,447,511,511,511,491,256,256,354,256,256,375,511,511,511,495,766,383,511,511,511,511,511,511,495,510,383,511,495,510,383,511,511,511,511,511,511,511,511,511,511,511,495,494,382,347,256,256,503,511,511,511,495,494,362,256,354,256,374,383,511,511,511,511,511,511,511,511,479,477,413,413,413,445,447,511,511,511,511,511,507,256,256,256,387,256,256,374,351,457,256,256,256,256,256,256,256,256,256,256,256,256,256,256,256,256,256,256,0
0,256,256,256,256,256,256,256,256,256,256,256,256,256,256,256,256,256,256,256,405,445,447,511,495,494,382,367,494,382,383,511,511,511,511,511,511,511,511,511,511,511,511,511,511,511,511,511,511,511,511,511,511,511,511,511,511,479,477,413,445,447,511,511,491,256,308,319,511,511,511,511,511,495,510,367,510,383,511,479,477,413,413,445,447,511,479,473,256,256,256,256,256,439,511,511,511,511,511,495,494,362,256,355,256,374,383,507,256,256,256,256,256,256,256,256,256,256,256,256,256,256,256,256,256,256,256,0
0,256,256,256,256,256,256,256,256,256,256,256,256,256,256,256,256,256,256,256,256,256,503,511,511,511,511,511,511,511,511,511,511,511,511,479,477,445,447,511,479,477,413,413,413,413,413,445,447,511,511,511,511,511,479,509,447,475,256,256,256,439,511,511,495,490,256,503,511,511,511,479,509,415,477,413,413,413,445,411,256,256,256,256,503,479,473,256,256,256,256,256,256,309,447,511,511,511,511,511,511,495,510,367,510,383,511,495,458,256,256,256,256,256,256,256,256,256,256,256,256,256,256,256,256,256,256,0
0,256,256,256,256,256,256,256,256,256,256,256,256,256,256,256,256,256,256,256,256,308,319,511,511,511,511,511,511,511,511,511,511,511,511,475,256,256,405,413,409,256,256,256,256,256,256,256,437,415,477,413,445,447,507,512,503,459,256,256,256,375,511,511,511,495,510,383,511,511,511,475,256,401,256,256,256,256,256,385,256,256,256,310,383,475,256,256,256,256,256,256,256,256,405,413,413,445,447,511,511,511,511,511,511,511,511,479,457,256,256,256,256,256,256,256,256,256,256,256,256,256,256,256,256,256,256,0
0,256,256,256,256,256,256,256,256,256,256,256,256,256,256,256,256,256,256,256,256,256,503,511,511,479,477,413,413,445,447,511,511,511,479,457,256,256,256,256,256,256,256,256,256,256,256,256,256,401,256,256,256,439,495,766,383,491,256,256,310,383,511,511,511,511,511,511,511,511,479,457,256,256,256,256,256,256,256,256,256,256,256,277,413,393,256,256,256,256,256,256,256,256,256,256,256,256,439,511,511,511,511,511,511,511,511,507,256,256,256,256,256,256,256,256,256,256,256,256,256,256,256,256,256,256,256,0
0,256,256,256,256,256,256,256,256,256,256,256,256,256,256,256,256,256,256,256,256,310,383,511,479,473,256,256,256,256,407,477,413,413,409,256,256,256,256,256,256,256,256,256,256,256,256,256,256,256,256,256,256,375,511,511,511,495,490,256,375,511,511,511,511,511,511,511,511,479,473,256,256,256,256,256,256,256,256,256,256,256,256,256,256,256,358,366,366,362,256,256,256,256,256,256,256,256,277,445,447,511,511,511,511,479,477,429,394,256,256,256,256,256,256,256,256,256,256,256,256,256,256,256,256,256,256,0
0,256,256,256,256,256,256,256,256,256,256,256,256,256,256,256,256,256,256,256,256,277,445,447,507,256,256,256,256,256,339,256,256,256,256,256,256,256,256,256,256,256,256,256,256,256,256,256,256,256,256,256,276,285,413,445,447,511,495,510,383,511,511,511,511,511,511,511,511,507,256,322,256,294,334,328,256,256,256,256,256,256,256,256,256,374,383,511,511,495,458,256,256,256,256,256,256,256,256,256,437,415,509,447,511,507,256,256,387,256,256,256,256,256,256,256,256,256,256,256,256,256,256,256,256,256,256,0
0,256,256,256,256,256,256,256,256,256,256,256,256,256,256,256,256,256,256,256,256,256,256,439,495,458,256,256,294,350,329,256,256,256,358,334,328,256,256,358,334,328,256,256,256,256,256,256,256,256,256,256,256,256,256,256,439,511,511,511,511,511,511,511,511,511,511,511,511,495,510,331,256,309,411,256,256,256,256,256,256,256,256,256,374,383,511,511,511,511,491,256,256,256,256,256,256,256,256,256,256,403,256,439,511,495,458,256,257,256,256,256,256,256,256,256,256,256,256,256,256,256,256,256,256,256,256,0
0,256,256,256,256,256,256,256,256,256,256,256,256,256,256,256,256,256,256,256,256,256,256,311,511,459,256,256,311,475,512,294,366,382,383,475,256,256,310,383,507,256,358,330,256,256,256,256,256,256,256,256,256,256,256,256,309,447,511,511,511,511,511,511,511,511,511,511,511,511,511,491,256,256,419,256,358,366,366,366,366,366,366,382,351,477,413,413,445,447,495,490,256,256,256,256,256,256,256,256,256,291,256,375,511,511,459,256,256,256,256,256,256,256,256,256,256,256,256,256,256,256,256,256,256,256,256,0
0,256,256,256,256,256,256,256,256,256,256,256,256,256,256,256,256,256,256,256,256,256,256,309,447,459,256,256,311,491,512,375,511,511,511,459,256,256,375,511,495,510,351,457,256,256,256,256,256,256,256,256,256,256,256,256,256,405,445,447,511,511,511,511,511,511,511,479,477,413,413,397,392,256,359,510,383,511,511,511,511,511,511,479,473,256,256,256,256,439,511,495,494,366,366,362,256,256,256,256,256,295,510,383,511,511,459,256,256,256,256,256,256,256,256,256,256,256,256,256,256,256,256,256,256,256,256,0
0,256,256,256,256,256,256,256,256,256,256,256,256,256,256,256,256,256,256,256,256,256,256,256,439,491,256,256,309,431,766,383,511,511,511,459,256,310,383,511,511,511,507,256,256,256,358,366,366,366,366,362,256,256,256,256,256,256,256,439,511,511,511,511,511,479,477,409,256,256,256,256,256,374,383,511,511,511,511,511,511,511,511,475,256,256,256,256,256,375,511,511,511,511,511,495,458,256,256,256,256,311,511,511,511,511,459,256,256,256,256,256,256,256,256,256,256,256,256,256,256,256,256,256,256,256,256,0
0,256,256,256,256,256,256,256,256,256,256,256,256,256,256,256,256,256,256,256,256,256,256,256,309,431,490,256,256,439,511,479,509,447,511,491,256,375,511,511,511,511,495,494,366,382,383,511,511,511,511,495,458,256,256,256,256,256,256,375,511,511,511,511,511,475,256,256,256,256,256,256,374,383,511,511,511,511,511,511,511,511,511,491,256,256,256,256,310,383,511,511,479,509,447,511,491,256,256,256,256,309,447,511,511,511,459,256,256,256,256,256,256,256,256,256,256,256,256,256,256,256,256,256,256,256,256,0
0,256,256,256,256,256,256,256,256,256,256,256,256,256,256,256,256,256,256,256,256,256,256,256,256,439,495,458,256,311,511,475,256,439,511,495,510,383,511,511,511,511,511,511,511,511,479,477,413,413,413,445,395,256,256,256,256,294,382,383,511,479,477,413,445,395,256,256,256,256,256,374,383,511,479,477,413,445,447,511,511,511,511,495,494,366,362,256,375,511,511,479,473,256,437,447,495,458,256,256,256,256,437,447,511,511,459,256,256,256,256,256,256,256,256,256,256,256,256,256,256,256,256,256,256,256,256,0
0,256,256,256,256,256,256,256,256,256,256,256,256,256,256,256,256,256,256,256,256,256,256,256,256,309,447,491,256,375,511,491,256,375,511,511,479,509,447,511,511,511,511,511,511,479,473,256,256,256,256,256,419,256,256,256,256,375,511,511,511,475,256,256,256,385,256,256,256,358,382,383,511,511,475,256,256,256,437,447,511,511,511,511,511,511,495,510,383,511,511,475,256,256,256,439,511,459,256,256,256,256,256,437,447,511,459,256,256,256,256,256,256,256,256,256,256,256,256,256,256,256,256,256,256,256,256,0
0,256,256,256,256,256,256,256,256,256,256,256,256,256,256,256,256,256,256,256,256,256,256,256,256,256,439,495,510,383,511,495,510,383,511,479,473,256,439,511,511,511,511,511,511,475,256,256,256,256,256,256,293,430,362,256,374,383,511,511,511,491,256,256,256,256,256,256,310,383,511,479,477,413,393,256,256,256,256,439,511,511,511,511,511,511,511,511,511,511,511,459,256,256,256,311,479,457,256,256,256,256,256,256,439,511,459,256,256,256,256,256,256,256,256,256,256,256,256,256,256,256,256,256,256,256,256,0
0,256,256,256,256,256,256,256,256,256,256,256,256,256,256,256,256,256,256,256,256,256,256,256,256,256,311,511,511,511,511,511,479,509,447,475,256,256,311,479,509,447,511,511,511,491,256,256,256,256,256,256,256,439,495,510,383,511,511,511,511,495,494,366,362,256,256,256,309,447,511,475,256,256,256,256,256,256,256,375,511,511,511,511,511,511,511,511,511,511,511,491,256,256,256,375,475,256,256,256,256,256,256,256,375,511,459,256,256,256,256,256,256,256,256,256,256,256,256,256,256,256,256,256,256,256,256,0
0,256,256,256,256,256,256,256,256,256,256,256,256,256,256,256,256,256,256,256,256,256,256,256,256,256,311,511,479,509,415,477,409,256,471,457,256,256,277,409,256,439,511,511,511,495,490,256,256,358,366,362,256,375,511,511,511,511,511,511,511,511,511,511,495,458,256,256,256,439,511,491,256,256,256,256,256,358,382,383,479,477,445,447,511,511,511,511,511,511,511,495,494,366,382,383,459,256,256,256,260,300,302,382,383,479,457,256,256,256,256,256,256,256,256,256,256,256,256,256,256,256,256,256,256,256,256,0
0,256,256,256,256,256,256,256,256,256,256,256,256,256,256,256,256,256,256,256,256,256,256,256,256,256,311,479,473,256,435,256,256,310,379,256,256,256,256,256,256,375,511,511,511,511,495,494,382,383,479,493,446,383,511,511,511,511,511,511,511,511,511,511,511,459,256,256,256,311,511,495,494,366,366,366,382,383,511,511,475,256,256,439,511,511,511,511,511,511,479,477,413,445,447,511,459,256,256,256,256,256,503,511,511,507,256,256,256,256,256,256,256,256,256,256,256,256,256,256,256,256,256,256,256,256,256,0
0,256,256,256,256,256,256,256,256,256,256,256,256,256,256,256,256,256,256,256,256,256,256,256,256,256,375,507,256,256,359,490,256,375,495,494,362,256,256,358,382,383,511,511,511,511,511,511,511,479,473,256,439,511,511,511,511,511,511,511,511,511,511,511,511,491,256,256,256,375,511,511,511,511,511,511,511,511,511,511,459,256,256,311,511,511,511,511,511,479,473,256,256,256,405,413,393,256,256,256,256,374,383,511,511,495,458,256,256,256,256,256,256,256,256,256,256,256,256,256,256,256,256,256,256,256,256,0
0,256,256,256,256,256,256,256,256,256,256,256,256,256,256,256,256,256,256,256,256,256,256,294,366,382,383,495,494,382,383,495,510,383,511,511,495,494,382,383,511,511,511,511,511,479,477,413,445,411,256,256,375,511,511,479,509,447,511,511,511,511,511,511,511,495,494,366,382,383,511,511,511,511,511,511,511,511,511,511,459,256,256,375,511,511,511,511,479,473,256,256,256,256,256,256,256,256,256,358,382,383,511,511,511,511,459,256,256,256,256,256,256,256,256,256,256,256,256,256,256,256,256,256,256,256,256,0
0,256,256,256,256,256,256,256,256,256,256,256,256,256,256,256,256,256,256,256,256,256,256,375,511,511,511,511,511,479,477,413,413,413,445,447,511,511,479,477,445,447,511,511,511,475,256,256,256,385,256,310,383,511,479,473,256,405,445,447,511,511,511,511,511,511,511,511,511,511,511,511,479,477,445,447,511,511,511,511,491,256,374,351,477,413,413,413,409,256,256,256,358,366,362,256,256,358,382,383,511,511,511,511,511,511,459,256,256,256,256,256,256,256,256,256,256,256,256,256,256,256,256,256,256,256,256,0
0,256,256,256,256,256,256,256,256,256,256,256,256,256,256,256,256,256,256,256,256,358,382,383,511,511,479,509,415,473,256,256,256,256,256,439,511,479,473,256,256,439,511,511,511,491,256,256,256,256,256,309,447,479,473,256,256,256,256,439,511,511,511,511,511,511,511,511,511,511,511,479,473,256,256,405,413,413,445,415,493,446,351,473,256,256,256,256,256,256,256,374,351,509,431,494,382,383,511,511,511,479,509,447,479,509,395,256,256,256,256,256,256,256,256,256,256,256,256,256,256,256,256,256,256,256,256,0
0,256,256,256,256,256,256,256,256,256,256,256,256,256,256,256,256,256,256,256,310,383,511,511,479,477,409,256,401,256,256,256,256,256,256,311,511,507,256,256,256,375,511,511,511,495,490,256,256,256,256,256,503,507,256,256,256,256,256,309,415,477,445,447,511,511,511,511,511,511,511,475,256,256,256,256,256,256,256,401,256,405,409,256,256,256,256,354,256,358,382,383,475,256,439,511,511,511,511,511,511,475,256,439,475,256,385,256,256,256,256,256,256,256,256,256,256,256,256,256,256,256,256,256,256,256,256,0
0,256,256,256,256,256,256,256,256,256,256,256,256,256,256,256,256,256,256,256,311,511,511,511,475,256,256,256,256,256,256,256,256,256,256,311,511,495,494,366,382,383,511,511,511,511,495,494,366,362,256,374,383,495,490,256,256,256,256,256,401,256,256,405,413,413,445,447,511,511,511,459,256,256,256,256,256,256,256,256,256,256,256,256,256,256,374,367,510,383,511,511,491,256,375,511,511,511,511,511,511,491,256,375,491,256,256,256,256,256,256,256,256,256,256,256,256,256,256,256,256,256,256,256,256,256,256,0
0,256,256,256,256,256,256,256,256,256,256,256,256,256,256,256,256,256,256,256,311,511,511,511,491,256,256,256,256,256,256,256,256,256,256,311,511,511,511,511,511,511,511,511,511,511,511,511,511,495,510,383,511,511,495,490,256,256,256,256,256,256,256,256,256,256,256,439,511,511,479,457,256,256,256,256,256,256,358,366,362,256,256,256,294,382,383,479,477,445,447,511,495,510,383,511,511,511,511,511,511,495,510,383,495,458,256,256,256,256,256,256,256,256,256,256,256,256,256,256,256,256,256,256,256,256,256,0
0,256,256,256,256,256,256,256,256,256,256,256,256,256,256,256,256,256,256,256,311,511,511,511,495,494,330,256,256,256,256,256,256,256,256,311,511,511,511,511,511,511,511,479,477,445,447,511,511,511,511,511,511,511,511,495,458,256,256,256,256,256,256,256,256,256,256,309,447,511,507,256,256,256,256,256,256,374,383,511,463,456,256,256,311,511,479,473,256,256,437,447,511,511,511,479,477,445,447,511,511,511,511,511,479,457,256,256,256,256,256,256,256,256,256,256,256,256,256,256,256,256,256,256,256,256,256,0
0,256,256,256,256,256,256,256,256,256,256,256,256,256,256,256,256,256,256,256,311,511,511,511,511,511,459,256,256,256,256,256,256,256,256,311,479,509,447,511,511,511,511,475,256,256,405,413,413,413,413,413,445,447,511,511,491,256,256,256,256,256,256,256,256,256,256,256,439,511,495,490,256,358,366,366,382,383,511,479,473,256,256,256,375,511,475,256,256,256,256,503,511,511,479,473,256,256,439,511,511,511,511,511,475,256,256,256,256,256,256,256,256,256,256,256,256,256,256,256,256,256,256,256,256,256,256,0
0,256,256,256,256,256,256,256,256,256,256,256,256,256,256,256,256,256,256,256,375,511,511,479,477,445,395,256,256,256,256,256,256,256,256,311,475,256,439,511,511,479,477,393,256,256,256,256,256,256,256,256,256,439,511,511,495,494,366,366,362,256,256,256,256,256,256,256,375,511,511,495,510,383,511,511,511,511,511,507,256,256,256,310,383,511,491,256,256,256,374,383,511,511,475,256,256,256,311,511,511,511,511,479,457,256,256,256,256,256,256,256,256,256,256,256,256,256,256,256,256,256,256,256,256,256,256,0
0,256,256,256,256,256,256,256,256,256,256,256,256,256,256,256,256,256,256,308,319,511,511,507,256,256,451,256,256,256,256,256,256,256,256,311,491,256,375,511,511,475,256,256,256,256,256,256,256,256,256,256,256,375,511,511,511,511,511,511,495,494,366,330,256,256,256,310,383,511,511,511,479,509,447,511,511,511,511,495,494,362,256,375,511,511,495,494,366,382,383,511,511,511,459,256,256,256,375,511,511,511,479,473,256,256,256,256,256,256,256,256,256,256,256,256,256,256,256,256,256,256,256,256,256,256,256,0
0,256,256,256,256,256,256,256,256,256,256,256,256,256,256,256,256,256,256,256,503,479,509,399,460,284,265,256,256,256,256,256,256,256,256,311,495,510,383,511,511,459,256,256,256,256,256,256,256,256,256,256,374,383,511,479,509,447,511,511,511,511,479,457,256,256,256,375,511,511,511,511,507,256,503,511,511,511,511,511,511,495,510,383,511,511,511,511,511,511,511,511,511,511,491,256,358,382,383,511,479,477,409,256,256,256,256,256,256,256,256,256,256,256,256,256,256,256,256,256,256,256,256,256,256,256,256,0
0,256,256,256,256,256,256,256,256,256,256,256,256,256,256,256,256,256,256,310,383,475,256,401,256,256,256,256,256,256,256,256,256,256,256,311,511,511,511,511,511,491,256,322,256,256,294,362,512,354,256,374,383,511,511,475,256,439,511,511,511,479,473,256,256,256,374,383,511,511,511,511,463,508,319,511,511,479,477,413,445,447,511,511,511,479,509,447,511,479,477,445,447,511,495,510,383,511,479,509,443,256,256,256,256,256,256,256,256,256,256,256,256,256,256,256,256,256,256,256,256,256,256,256,256,256,256,0
0,256,256,256,256,256,256,256,256,256,256,256,256,256,256,256,256,256,256,309,447,491,256,256,256,256,256,256,256,256,256,256,256,256,256,311,511,511,511,511,511,495,510,363,256,256,375,495,766,367,478,381,447,511,479,457,256,311,511,511,479,473,256,256,256,310,383,511,511,511,511,511,507,256,503,511,479,473,256,256,256,405,413,413,413,409,256,439,511,507,256,256,439,511,511,511,479,477,409,256,487,494,334,328,256,256,256,256,256,256,256,256,256,256,256,256,256,256,256,256,256,256,256,256,256,256,256,0
0,256,256,256,256,256,256,256,256,256,256,256,256,256,256,256,256,256,256,256,437,431,494,330,256,256,256,256,256,256,256,256,256,256,256,279,509,447,511,511,511,511,511,495,494,382,383,511,511,479,473,256,439,511,475,256,256,311,511,511,475,256,256,256,256,375,511,511,511,511,511,511,495,510,383,479,473,256,294,362,256,256,256,256,256,256,256,277,413,429,426,256,375,511,511,511,507,256,256,374,383,511,475,256,256,256,256,256,256,256,256,256,256,256,256,256,256,256,256,256,256,256,256,256,256,256,256,0
0,256,256,256,256,256,256,256,256,256,256,256,256,256,256,256,256,256,256,256,256,503,479,457,256,256,256,256,256,256,256,256,256,256,256,275,256,407,477,445,447,511,511,511,511,511,511,511,511,475,256,256,375,511,491,256,256,375,511,511,491,256,256,256,310,383,511,511,511,511,511,479,477,413,413,409,256,256,311,463,492,266,256,256,292,298,256,256,256,256,423,510,383,511,511,511,495,494,382,383,511,511,491,256,256,256,256,256,256,256,256,256,256,256,256,256,256,256,256,256,256,256,256,256,256,256,256,0
0,256,256,256,256,256,256,256,256,256,256,256,256,256,256,256,256,256,256,256,374,383,507,256,256,256,256,256,256,256,256,256,256,256,256,323,256,275,256,256,405,445,447,511,511,511,479,509,447,459,256,310,383,511,495,494,382,383,511,511,495,458,256,256,375,511,511,511,511,511,479,473,256,256,256,256,256,256,343,473,256,387,256,256,256,487,494,366,330,256,277,413,445,447,511,511,511,511,511,511,511,511,495,490,256,256,256,256,256,256,256,256,256,256,256,256,256,256,256,256,256,256,256,256,256,256,256,0
0,256,256,256,256,256,256,256,256,256,256,256,256,256,256,256,256,256,256,310,383,511,495,490,256,256,256,256,256,256,256,256,256,256,374,363,256,323,256,256,256,256,503,511,511,511,475,256,439,459,256,311,511,511,511,479,509,447,511,511,511,491,256,374,383,511,511,511,511,479,473,256,294,362,256,256,256,374,379,256,256,355,256,256,374,383,511,511,491,256,256,256,256,439,511,511,511,511,511,511,511,511,511,495,494,366,366,362,256,256,256,256,256,256,256,256,256,256,256,256,256,256,256,256,256,256,256,0
0,256,256,256,256,256,256,256,256,256,256,256,256,256,256,256,256,256,256,311,511,511,511,463,456,256,256,256,256,256,256,256,256,310,383,495,478,329,256,256,256,276,317,447,511,479,457,256,311,459,256,277,413,445,447,475,256,439,511,511,511,495,510,383,511,511,479,477,413,409,256,256,311,495,494,366,382,351,493,430,382,367,494,382,383,511,511,511,495,458,256,256,256,309,447,511,511,511,511,511,511,479,477,445,447,479,477,429,394,256,256,256,256,256,256,256,256,256,256,256,256,256,256,256,256,256,256,0
0,256,256,256,256,256,256,256,256,256,256,256,256,256,256,256,256,256,256,277,445,447,511,507,256,256,256,256,256,256,256,256,256,311,511,511,475,256,256,256,256,256,256,439,479,473,256,256,277,393,256,256,256,256,405,393,256,311,511,511,511,511,511,511,511,479,473,256,256,256,256,256,309,447,511,511,511,507,256,503,511,511,511,511,511,511,511,511,511,491,256,354,256,256,407,477,445,447,511,511,479,473,256,256,405,409,256,256,385,256,256,256,256,256,256,256,256,256,256,256,256,256,256,256,256,256,256,0
0,256,256,256,256,256,256,256,256,256,256,256,256,256,256,256,256,256,256,256,256,405,445,431,494,334,364,266,256,256,256,256,256,311,511,511,459,256,256,256,256,256,256,375,507,256,256,256,256,256,256,256,256,256,256,256,256,277,445,447,511,511,511,511,511,475,256,256,256,256,256,256,256,439,511,511,511,495,510,383,511,511,511,511,511,511,511,511,511,495,510,367,458,256,273,256,256,405,445,415,473,256,256,256,256,256,256,256,256,256,256,256,256,256,256,256,256,256,256,256,256,256,256,256,256,256,256,0
0,256,256,256,256,256,256,256,256,256,256,256,256,256,256,256,256,256,256,256,256,256,256,439,511,507,256,483,256,256,256,256,256,311,511,511,459,256,256,256,358,366,382,383,495,494,362,256,256,294,366,366,362,256,256,256,256,256,256,405,445,447,511,511,511,491,256,256,256,256,256,256,256,375,511,511,511,511,479,509,447,511,511,511,511,511,511,511,511,511,511,511,491,256,256,256,256,256,256,401,256,256,294,366,366,366,362,256,256,256,256,256,256,256,256,256,256,256,256,256,256,256,256,256,256,256,256,0
0,256,256,256,256,256,256,256,256,256,256,256,256,256,256,256,256,256,256,256,256,256,256,311,511,495,510,367,458,256,256,256,256,311,511,511,459,256,256,308,319,511,511,511,511,511,495,490,256,375,511,511,495,458,256,256,256,256,256,256,256,437,447,511,511,495,458,256,256,256,256,256,310,383,511,511,479,509,411,256,405,413,445,447,511,479,477,445,447,511,511,511,495,494,366,362,256,256,256,256,256,256,311,511,511,511,495,494,330,256,256,256,256,256,256,256,256,256,256,256,256,256,256,256,256,256,256,0
0,256,256,256,256,256,256,256,256,256,256,256,256,256,256,256,256,256,256,256,256,256,256,279,509,447,511,479,457,256,256,256,256,375,511,511,459,256,256,256,503,511,479,509,447,511,511,495,510,383,511,511,511,459,256,256,256,256,256,256,256,256,439,511,511,511,459,256,256,256,256,256,309,447,511,511,507,256,483,256,256,256,256,437,447,507,256,256,503,511,511,511,511,511,511,495,494,330,256,256,256,256,375,511,511,511,511,479,457,256,256,256,256,256,256,256,256,256,256,256,256,256,256,256,256,256,256,0
0,256,256,256,256,256,256,256,256,256,256,256,256,256,256,256,256,256,256,256,256,256,256,273,256,439,511,475,256,256,256,256,374,383,511,511,491,256,358,382,383,511,507,256,503,511,511,511,511,511,511,511,511,491,256,256,256,256,256,256,256,256,311,511,511,511,459,256,256,256,256,256,256,439,511,511,495,510,367,458,256,256,256,256,439,495,494,382,383,511,511,511,511,511,511,511,511,459,256,256,256,310,383,511,511,479,509,443,256,256,256,256,256,256,256,256,256,256,256,256,256,256,256,256,256,256,256,0
0,256,256,256,256,256,256,256,256,256,256,256,256,256,256,256,256,256,256,256,256,256,256,256,256,311,511,459,256,256,256,310,383,511,511,511,495,510,383,511,511,511,495,510,383,511,479,477,445,447,479,477,445,431,494,362,256,256,256,256,256,256,311,511,511,479,457,256,256,256,256,256,256,279,477,445,447,511,511,459,256,256,256,256,311,479,509,447,511,511,511,511,511,511,511,511,511,491,256,354,256,375,511,511,511,507,256,487,458,256,256,256,256,256,256,256,256,256,256,256,256,256,256,256,256,256,256,0
0,256,256,256,256,256,256,256,256,256,256,256,256,256,256,256,256,256,256,256,256,256,256,256,256,311,511,491,256,354,256,375,511,511,511,511,511,511,511,511,511,511,511,511,511,511,475,256,256,503,475,256,256,437,447,495,490,256,322,256,256,256,311,511,511,507,256,256,256,256,256,256,256,307,256,256,503,511,511,491,256,256,256,256,375,507,256,503,511,511,511,511,511,511,511,511,511,495,510,367,510,383,511,511,511,495,510,383,459,256,256,256,256,256,256,256,256,256,256,256,256,256,256,256,256,256,256,0
0,256,256,256,256,256,256,256,256,256,256,256,256,256,256,256,256,256,256,256,256,256,256,256,256,311,511,495,510,367,510,383,511,511,511,511,511,511,511,511,511,511,511,511,511,511,459,256,310,383,459,256,256,256,503,511,495,510,331,256,256,256,375,511,511,495,494,330,256,256,256,256,256,295,494,382,383,511,511,495,462,364,302,382,383,463,508,319,511,511,511,511,511,511,511,511,511,511,511,511,511,511,511,511,511,511,479,509,395,256,256,256,256,256,256,256,256,256,256,256,256,256,256,256,256,256,256,0
0,256,256,256,256,256,256,256,256,256,256,256,256,256,256,256,256,256,256,256,256,256,256,256,256,311,511,511,511,479,477,445,447,511,511,511,479,477,413,445,447,511,511,479,509,447,491,256,375,511,459,256,256,310,383,511,479,477,393,256,256,310,383,511,511,511,511,491,256,256,256,256,256,375,511,511,511,511,511,511,475,256,439,511,511,475,256,439,511,511,511,511,511,511,479,509,447,511,511,511,511,511,511,511,511,479,473,256,385,256,256,256,256,256,256,256,256,256,256,256,256,256,256,256,256,256,256,0
0,256,256,256,256,256,256,256,256,256,256,256,256,256,256,256,256,256,256,256,256,256,256,256,256,311,511,511,511,475,256,256,439,511,479,477,409,256,256,256,405,413,413,409,256,437,431,510,383,511,459,256,256,343,477,413,409,256,256,256,256,375,511,511,511,511,511,463,456,256,256,358,382,351,509,447,511,511,511,511,491,256,375,511,479,457,256,375,511,511,511,511,511,511,507,512,503,511,511,511,511,511,511,511,511,507,256,256,256,256,256,256,256,256,256,256,256,256,256,256,256,256,256,256,256,256,256,0
0,256,256,256,256,256,256,256,256,256,256,256,256,256,256,256,256,256,256,256,256,256,256,256,256,375,511,511,479,457,256,256,311,511,475,256,256,294,362,256,256,256,256,256,256,256,437,447,511,511,491,256,342,345,256,256,256,256,256,358,382,383,511,511,511,511,479,473,256,256,374,383,479,473,256,439,511,511,511,511,495,510,383,511,507,256,374,383,479,509,447,511,511,511,495,766,383,511,511,511,511,511,511,511,511,495,490,256,256,256,256,256,256,256,256,256,256,256,256,256,256,256,256,256,256,256,256,0
0,256,256,256,256,256,256,256,256,256,256,256,256,256,256,256,256,256,256,256,256,256,256,256,374,383,511,511,475,256,256,256,375,479,457,256,256,309,431,458,256,262,364,302,362,256,256,439,511,511,495,478,345,256,256,292,302,366,382,351,509,447,511,511,479,477,409,256,256,310,383,511,507,256,256,343,509,447,511,511,511,511,511,511,495,510,383,511,475,256,439,511,511,511,511,511,511,511,511,511,511,511,511,511,511,511,495,458,256,256,256,256,256,256,256,256,256,256,256,256,256,256,256,256,256,256,256,0
0,256,256,256,256,256,256,256,256,256,256,256,256,256,256,256,256,256,256,256,294,366,366,382,383,511,511,511,491,256,358,382,351,473,256,256,256,256,437,427,256,371,256,503,495,458,256,311,511,511,511,475,256,256,256,256,439,511,479,473,256,503,511,511,475,256,256,256,256,309,447,511,495,494,382,379,256,503,511,511,511,511,479,477,413,413,413,413,393,256,311,479,509,447,511,511,511,511,511,511,511,511,511,511,511,511,511,459,256,256,256,256,256,256,256,256,256,256,256,256,256,256,256,256,256,256,256,0
0,256,256,256,256,256,256,256,256,256,256,256,256,256,256,256,256,256,256,256,311,511,511,511,511,511,511,511,495,510,383,479,473,256,256,260,264,256,256,487,510,367,510,351,509,395,256,311,511,511,479,457,256,256,256,256,311,511,507,256,374,383,511,511,459,256,256,256,256,256,439,511,511,511,511,495,510,383,511,511,511,479,473,256,256,256,256,256,256,256,311,507,256,503,511,511,511,511,511,511,511,511,511,511,511,511,511,459,256,256,256,256,256,256,256,256,256,256,256,256,256,256,256,256,256,256,256,0
0,256,256,256,256,256,256,256,256,256,256,256,256,256,256,256,256,256,256,256,277,413,413,445,447,511,511,511,511,511,479,473,256,256,290,256,256,358,382,383,511,511,479,473,256,387,256,309,447,511,475,256,256,256,256,256,309,447,495,510,383,511,511,511,459,256,256,256,256,256,309,447,511,511,511,511,511,511,511,511,511,475,256,256,256,256,256,256,256,256,309,431,510,351,509,447,511,511,511,511,511,511,511,511,511,479,477,393,256,256,256,256,256,256,256,256,256,256,256,256,256,256,256,256,256,256,256,0
0,256,256,256,256,256,256,256,256,256,256,256,256,256,256,256,256,256,256,256,256,256,256,256,439,511,511,511,511,511,475,256,256,256,295,494,382,383,511,511,511,511,507,256,256,355,256,256,439,511,459,256,256,256,256,256,256,437,447,511,511,511,511,479,457,256,256,256,256,256,256,405,445,447,479,509,447,511,479,477,413,393,256,256,256,256,256,256,256,256,256,439,511,507,256,503,511,511,511,511,511,511,511,511,511,475,256,256,256,256,256,256,256,256,256,256,256,256,256,256,256,256,256,256,256,256,256,0
0,256,256,256,256,256,256,256,256,256,256,256,256,256,256,256,256,256,256,256,256,256,290,256,375,511,511,511,511,511,459,256,256,256,311,511,511,511,511,511,511,511,495,462,348,269,392,256,375,511,491,256,256,256,256,256,256,256,405,445,447,511,511,507,256,256,256,256,256,256,256,256,256,439,475,256,405,413,409,256,256,256,256,256,256,256,256,256,256,256,256,309,447,495,510,383,511,511,511,511,511,511,511,511,511,459,256,256,256,256,256,256,256,256,256,256,256,256,256,256,256,256,256,256,256,256,256,0
0,256,256,256,256,256,256,256,256,256,256,256,256,256,256,256,256,256,256,256,256,256,293,446,383,511,511,511,511,479,457,256,256,256,311,511,511,511,511,511,511,511,479,473,256,256,256,374,383,511,495,494,362,256,256,256,256,256,256,256,439,511,511,495,494,330,256,256,256,256,256,256,256,277,393,256,256,256,256,256,256,256,256,256,256,256,256,256,256,256,256,256,439,511,511,511,479,477,445,447,511,511,511,511,511,459,256,256,256,256,256,256,256,256,256,256,256,256,256,256,256,256,256,256,256,256,256,0
0,256,256,256,256,256,256,256,256,256,256,256,256,256,256,256,256,256,256,256,256,256,256,437,447,511,511,511,479,473,256,256,256,256,277,445,447,511,511,511,511,479,473,256,256,256,374,383,511,511,511,511,495,458,256,256,256,256,256,256,309,447,511,511,511,491,256,256,256,256,256,256,256,256,256,256,256,256,256,256,358,362,256,256,256,322,256,256,256,256,256,256,309,447,511,511,475,256,256,439,511,479,509,447,511,459,256,256,256,256,256,256,256,256,256,256,256,256,256,256,256,256,256,256,256,256,256,0
0,256,256,256,256,256,256,256,256,256,256,256,256,256,256,256,256,256,256,256,256,256,256,256,439,511,511,511,475,256,256,256,256,256,256,256,439,511,511,479,477,409,256,256,256,374,383,479,477,413,445,447,511,459,256,256,256,256,256,256,256,437,447,511,511,495,458,256,256,256,256,256,256,256,256,256,256,256,256,374,383,495,494,366,382,331,256,256,256,256,256,256,256,439,511,511,459,256,256,279,477,409,256,407,477,393,256,256,256,256,256,256,256,256,256,256,256,256,256,256,256,256,256,256,256,256,256,0
0,256,256,256,256,256,256,256,256,256,256,256,256,256,256,256,256,256,256,256,256,256,256,256,311,511,511,511,491,256,256,256,294,330,256,256,375,511,479,473,256,256,256,256,308,319,479,473,256,256,256,439,511,459,256,256,256,256,256,256,256,256,439,511,511,511,491,256,256,256,256,256,256,256,256,256,256,256,374,383,511,511,511,511,511,459,256,256,256,256,256,256,256,311,511,511,459,256,256,339,256,256,256,339,256,256,256,256,256,256,256,256,256,256,256,256,256,256,256,256,256,256,256,256,256,256,256,0
0,256,256,256,256,256,256,256,256,256,256,256,256,256,256,256,256,256,256,256,256,256,256,256,311,511,511,511,463,456,256,256,311,491,256,374,383,479,473,256,256,256,256,256,256,439,475,256,256,256,256,311,511,491,256,256,256,256,256,256,256,256,311,511,511,511,495,494,362,256,256,256,256,256,256,256,256,374,383,511,479,477,445,447,511,459,256,256,256,256,256,256,256,375,511,511,491,256,374,363,256,358,382,363,256,256,256,256,256,256,256,256,256,256,256,256,256,256,256,256,256,256,256,256,256,256,256,0
0,256,256,256,256,256,256,256,256,256,256,256,256,256,256,256,256,256,256,256,256,256,256,256,375,511,511,511,475,256,256,256,311,495,510,383,511,475,256,256,256,256,326,328,256,309,427,256,256,256,256,375,511,495,494,362,256,256,256,256,256,256,311,511,511,511,511,511,495,494,366,366,366,362,256,256,374,383,511,479,473,256,256,503,511,459,256,256,256,290,256,256,374,383,511,511,495,510,383,495,510,383,511,495,490,256,256,256,256,256,256,256,256,256,256,256,256,256,256,256,256,256,256,256,256,256,256,0
0,256,256,256,256,256,256,256,256,256,256,256,256,256,256,256,256,256,256,256,256,256,256,374,383,511,511,511,459,256,256,256,309,447,511,511,511,491,256,256,358,382,347,256,290,512,487,494,366,366,382,383,511,511,511,495,494,330,256,256,256,256,309,447,511,511,511,511,511,511,511,511,511,495,494,382,383,511,511,475,256,256,310,383,511,491,256,256,256,295,494,350,381,447,511,511,511,511,511,511,511,511,511,511,495,494,330,256,256,256,256,256,256,256,256,256,256,256,256,256,256,256,256,256,256,256,256,0
0,256,256,256,256,256,256,256,256,256,256,256,256,256,256,256,256,256,256,256,256,256,374,383,511,479,477,413,393,256,256,256,256,437,447,511,511,495,494,382,383,511,459,256,293,702,383,511,511,511,511,511,511,511,511,511,511,459,256,256,256,256,256,437,447,511,511,511,511,511,479,509,447,511,511,511,511,511,511,459,256,256,309,447,511,495,458,256,256,311,479,473,256,439,511,511,511,479,509,447,511,511,511,511,511,479,457,256,256,256,256,256,256,256,256,256,256,256,256,256,256,256,256,256,256,256,256,0
0,256,256,256,256,256,256,256,256,256,256,256,256,256,256,256,256,256,256,256,256,310,383,511,511,507,256,256,256,256,256,256,256,256,405,413,413,445,447,479,509,447,491,256,256,439,511,511,479,509,447,479,477,413,413,445,447,491,256,256,256,256,256,256,437,447,511,479,477,413,409,256,439,511,511,479,477,413,413,393,256,256,256,437,447,511,491,256,256,311,475,256,256,375,511,511,511,507,256,503,511,511,511,511,511,475,256,256,256,256,256,256,256,256,256,256,256,256,256,256,256,256,256,256,256,256,256,0
0,256,256,256,256,256,256,256,256,256,256,256,256,256,256,256,256,256,256,256,256,311,511,511,511,495,458,256,256,256,256,256,256,256,256,256,256,256,439,475,512,439,495,458,256,277,413,413,409,256,439,475,256,256,256,256,439,495,458,256,256,256,256,256,256,437,415,473,256,256,256,256,311,511,479,473,256,256,256,256,256,256,256,256,439,511,495,490,256,375,491,512,374,383,511,511,511,495,510,383,511,511,511,511,511,491,256,256,256,256,256,256,256,256,256,256,256,256,256,256,256,256,256,256,256,256,256,0
0,256,256,256,256,256,256,256,256,256,256,256,256,256,256,256,256,256,256,256,256,311,511,511,511,511,491,256,256,256,256,256,256,256,256,256,256,256,311,491,512,375,511,491,256,256,256,256,256,256,311,459,256,256,256,256,375,511,491,256,256,256,256,256,256,256,499,256,256,256,256,256,375,511,475,256,256,256,256,256,256,256,256,256,375,511,511,495,510,383,495,766,383,511,511,511,511,511,511,511,511,511,511,511,511,495,458,256,256,256,256,256,256,256,256,256,256,256,256,256,256,256,256,256,256,256,256,0
0,256,256,256,256,256,256,256,256,256,256,256,256,256,256,256,256,256,256,256,256,375,511,511,511,511,495,494,362,256,256,256,256,256,256,256,256,256,375,495,766,383,511,495,494,362,256,256,256,256,375,459,256,256,294,382,383,511,495,494,366,366,366,366,366,382,367,494,362,256,256,310,383,511,459,256,256,294,366,330,256,256,256,310,351,477,445,447,511,511,511,511,511,511,479,509,415,477,445,447,511,511,511,511,511,511,459,256,256,256,256,256,256,256,256,256,256,256,256,256,256,256,256,256,256,256,256,0
0,256,256,256,256,256,256,256,256,256,256,256,256,256,256,256,256,256,256,256,310,383,511,511,511,511,511,511,495,494,366,366,330,256,256,256,256,374,383,511,511,511,511,511,511,495,494,362,256,374,351,457,256,256,277,413,413,445,447,511,511,511,511,511,511,511,511,511,495,490,256,375,511,511,459,256,256,309,447,491,256,256,256,277,409,256,256,503,511,511,511,511,511,511,475,256,403,256,256,439,511,511,511,511,511,479,457,256,256,256,256,256,256,256,256,256,256,256,256,256,256,256,256,256,256,256,256,0
0,256,256,256,256,256,256,256,256,256,256,256,256,256,256,256,256,256,256,256,375,511,479,477,413,445,447,511,511,511,511,511,459,256,256,256,310,383,511,511,511,479,509,447,511,511,511,495,510,383,475,256,256,256,256,256,256,256,439,511,511,511,511,511,511,511,511,511,511,495,510,383,511,479,457,256,256,256,503,495,490,256,256,256,256,256,374,383,511,511,511,511,479,509,427,256,323,256,256,375,511,511,511,511,511,475,256,256,256,256,256,256,256,256,256,256,256,256,256,256,256,256,256,256,256,256,256,0
0,256,256,256,256,256,256,256,256,256,256,256,256,256,256,256,256,256,256,310,383,511,475,256,256,256,471,477,445,447,511,479,457,256,256,256,311,511,511,511,479,473,256,437,447,511,511,511,511,511,491,256,256,256,294,366,330,256,311,511,511,511,511,511,511,511,511,511,511,511,511,511,479,473,256,256,256,276,317,447,495,490,256,358,366,382,351,509,447,511,511,511,507,512,487,510,363,256,374,383,511,511,511,511,511,459,256,256,256,256,256,256,256,256,256,256,256,256,256,256,256,256,256,256,256,256,256,0
0,256,256,256,256,256,256,256,256,256,256,256,256,256,256,256,256,256,256,311,511,511,459,256,294,350,345,256,256,439,511,475,256,256,256,256,309,447,511,511,475,256,256,256,503,511,511,511,511,511,495,458,256,256,375,511,459,256,311,511,511,511,511,511,479,477,413,413,445,447,511,511,507,256,256,256,256,256,256,503,511,495,510,383,511,511,507,512,503,511,511,511,495,766,383,511,495,510,383,511,511,511,511,479,509,395,256,256,256,256,256,256,256,256,256,256,256,256,256,256,256,256,256,256,256,256,256,0
0,256,256,256,256,256,256,256,256,256,256,256,256,256,256,256,256,256,256,311,511,511,491,256,375,507,256,256,256,375,511,459,256,256,256,256,256,439,511,511,459,256,256,310,383,511,511,511,511,511,511,459,256,310,383,511,459,256,309,447,479,477,413,413,409,256,256,256,256,439,511,511,495,494,366,366,366,366,382,383,511,479,477,445,447,511,495,766,383,511,511,511,511,511,511,511,511,511,479,509,447,511,511,475,256,387,256,256,256,256,256,256,256,256,256,256,256,256,256,256,256,256,256,256,256,256,256,0
0,256,256,256,256,256,256,256,256,256,256,256,256,256,256,256,256,256,256,311,511,511,495,510,383,495,494,366,382,383,511,491,256,256,256,256,256,277,413,413,393,256,256,375,479,477,445,447,511,511,511,491,256,375,479,477,393,256,256,471,473,256,256,256,256,256,256,256,256,375,511,511,511,511,479,477,445,447,511,511,479,473,256,256,439,511,511,511,511,511,511,511,511,511,511,479,509,447,507,256,503,511,511,491,256,323,256,256,256,256,256,256,256,256,256,256,256,256,256,256,256,256,256,256,256,256,256,0
0,256,256,256,256,256,256,256,256,256,256,256,256,256,256,256,256,256,256,311,511,511,511,511,511,511,511,511,511,511,511,495,458,256,256,256,256,256,256,256,256,256,310,351,473,256,256,437,447,511,511,495,510,383,507,256,256,256,374,379,256,256,256,256,358,366,366,334,348,317,447,511,511,479,473,256,256,439,479,509,443,256,256,256,311,511,479,477,413,445,447,511,511,511,479,473,256,439,463,508,319,511,511,495,510,331,256,256,256,256,256,256,256,256,256,256,256,256,256,256,256,256,256,256,256,256,256,0
0,256,256,256,256,256,256,256,256,256,256,256,256,256,256,256,256,256,256,279,509,447,511,479,509,447,511,511,511,511,511,511,459,256,256,256,256,256,256,256,256,256,375,507,256,256,256,256,503,511,511,511,511,511,495,494,366,382,383,495,494,366,366,382,383,511,511,475,256,256,503,511,511,507,256,256,256,309,411,256,391,456,256,256,375,479,473,256,256,256,405,413,445,447,507,256,256,375,507,256,503,511,511,511,511,491,256,256,256,256,256,256,256,256,256,256,256,256,256,256,256,256,256,256,256,256,256,0
0,256,256,256,256,256,256,256,256,256,256,256,256,256,256,256,256,256,256,307,512,471,477,409,256,503,511,479,477,413,445,447,491,256,358,366,366,366,366,366,366,382,383,495,494,366,334,348,317,447,511,511,511,511,511,511,511,511,511,479,477,445,447,511,511,479,509,395,256,310,383,511,511,495,458,256,256,256,385,256,339,512,512,374,351,473,256,256,256,256,256,256,256,503,495,494,382,383,495,510,383,511,511,511,511,463,456,256,256,256,256,256,256,256,256,256,256,256,256,256,256,256,256,256,256,256,256,0
0,256,256,256,256,256,256,256,256,256,256,256,256,256,256,256,256,256,256,261,668,281,256,256,310,383,511,475,256,256,256,439,495,510,383,511,511,511,511,511,511,511,511,479,509,415,473,256,256,405,413,413,445,447,511,511,511,511,511,475,256,256,405,413,413,409,256,385,256,309,447,511,511,479,457,256,256,256,256,374,363,512,630,383,475,256,256,256,256,256,256,256,308,319,511,511,511,511,511,511,511,511,511,511,511,475,256,256,256,256,256,256,256,256,256,256,256,256,256,256,256,256,256,256,256,256,256,0
0,256,256,256,256,256,256,256,256,256,256,256,256,256,256,256,256,256,256,256,256,256,256,256,311,511,511,491,256,256,256,375,511,511,479,509,447,479,477,445,447,511,511,507,256,467,256,256,256,256,256,256,256,439,511,511,511,511,479,457,256,256,256,256,256,256,256,256,256,256,503,511,511,507,256,358,366,366,350,381,431,766,383,479,457,256,256,256,256,256,256,256,256,437,415,477,413,445,447,511,511,479,509,447,479,457,256,256,256,256,256,256,256,256,256,256,256,256,256,256,256,256,256,256,256,256,256,0
0,256,256,256,256,256,256,256,256,256,256,256,256,256,256,256,256,256,256,256,256,256,256,256,311,511,511,495,494,366,382,383,511,479,473,256,405,409,256,256,405,445,447,495,478,329,256,256,256,256,256,256,256,311,511,511,511,511,507,256,256,256,256,256,256,256,256,256,256,310,383,511,511,495,510,351,477,413,409,256,405,445,447,475,256,256,256,256,256,256,256,256,256,256,401,256,256,256,439,511,479,473,256,503,475,256,256,256,256,256,256,256,256,256,256,256,256,256,256,256,256,256,256,256,256,256,256,0
0,256,256,256,256,256,256,256,256,256,256,256,256,256,256,256,256,256,256,256,256,256,256,256,375,511,511,511,511,511,511,511,479,473,256,256,256,256,256,256,256,256,439,511,475,256,256,256,256,256,256,256,256,311,511,479,477,413,397,392,256,256,256,256,256,256,256,256,256,311,511,511,511,511,479,473,256,256,256,256,256,256,503,491,256,256,256,256,256,256,256,256,256,256,256,256,256,256,311,511,507,256,374,383,459,256,256,256,256,256,256,256,256,256,256,256,256,256,256,256,256,256,256,256,256,256,256,0
0,256,256,256,256,256,256,256,256,256,256,256,256,256,256,256,256,256,256,256,256,256,256,276,285,413,445,447,511,511,511,511,475,256,256,256,256,256,256,256,256,256,279,477,393,256,256,256,256,256,256,256,256,375,511,475,256,256,256,256,256,256,256,256,256,256,256,256,256,277,413,413,445,415,473,256,256,256,256,294,366,350,349,397,392,256,256,256,256,256,256,256,256,256,256,256,256,256,311,479,461,412,285,445,395,256,256,256,256,256,256,256,256,256,256,256,256,256,256,256,256,256,256,256,256,256,256,0
0,256,256,256,256,256,256,256,256,256,256,256,256,256,256,256,256,256,256,256,256,256,256,256,256,256,256,437,415,477,445,447,491,256,256,256,256,256,256,256,256,256,275,256,256,256,256,256,256,256,256,256,310,383,511,459,256,256,256,256,256,256,256,256,256,256,256,256,256,256,256,256,256,401,256,256,256,256,256,375,511,475,256,256,256,256,256,256,256,256,256,256,256,256,256,256,256,256,277,409,256,256,256,256,385,256,256,256,256,256,256,256,256,256,256,256,256,256,256,256,256,256,256,256,256,256,256,0
0,256,256,256,256,256,256,256,256,256,256,256,256,256,256,256,256,256,256,256,256,256,256,256,256,256,256,256,403,256,256,503,495,458,256,256,256,256,256,256,256,256,323,256,256,256,256,256,256,256,256,256,311,511,511,459,256,256,256,256,256,256,256,256,256,256,256,256,256,256,256,256,256,256,256,256,256,358,382,383,479,457,256,256,256,256,256,256,256,256,256,256,256,256,256,256,256,256,256,256,256,256,256,256,256,256,256,256,256,256,256,256,256,256,256,256,256,256,256,256,256,256,256,256,256,256,256,0
0,256,256,256,256,256,256,256,256,256,256,256,256,256,256,256,256,256,256,256,256,256,256,256,256,256,256,256,257,256,276,285,413,393,256,256,256,256,256,256,256,276,265,256,256,256,256,256,256,256,256,256,277,413,413,393,256,256,256,256,256,256,256,256,256,256,256,256,256,256,256,256,256,256,256,256,276,285,413,413,409,256,256,256,256,256,256,256,256,256,256,256,256,256,256,256,256,256,256,256,256,256,256,256,256,256,256,256,256,256,256,256,256,256,256,256,256,256,256,256,256,256,256,256,256,256,256,0
0,256,256,256,256,256,256,256,256,256,256,256,256,256,256,256,256,256,256,256,256,256,256,256,256,256,256,256,256,256,256,256,256,256,256,256,256,256,256,256,256,256,256,256,256,256,256,256,256,256,256,256,256,256,256,256,256,256,256,256,256,256,256,256,256,256,256,256,256,256,256,256,256,256,256,256,256,256,256,256,256,256,256,256,256,256,256,256,256,256,256,256,256,256,256,256,256,256,256,256,256,256,256,256,256,256,256,256,256,256,256,256,256,256,256,256,256,256,256,256,256,256,256,256,256,256,256,0
0,256,256,256,256,256,256,256,256,256,256,256,256,256,256,256,256,256,256,256,256,256,256,256,256,256,256,256,256,256,256,256,256,256,256,256,256,256,256,256,256,256,256,256,256,256,256,256,256,256,256,256,256,256,256,256,256,256,256,256,256,256,256,256,256,256,256,256,256,256,256,256,256,256,256,256,256,256,256,256,256,256,256,256,256,256,256,256,256,256,256,256,256,256,256,256,256,256,256,256,256,256,256,256,256,256,256,256,256,256,256,256,256,256,256,256,256,256,256,256,256,256,256,256,256,256,256,0
0,256,256,256,256,256,256,256,256,256,256,256,256,256,256,256,256,256,256,256,256,256,256,256,256,256,256,256,256,256,256,256,256,256,256,256,256,256,256,256,256,256,256,256,256,256,256,256,256,256,256,256,256,256,256,256,256,256,256,256,256,256,256,256,256,256,256,256,256,256,256,256,256,256,256,256,256,256,256,256,256,256,256,256,256,256,256,256,256,256,256,256,256,256,256,256,256,256,256,256,256,256,256,256,256,256,256,256,256,256,256,256,256,256,256,256,256,256,256,256,256,256,256,256,256,256,256,0
0,256,256,256,256,256,256,256,256,256,256,256,256,256,256,256,256,256,256,256,256,256,256,256,256,256,256,256,256,256,256,256,256,256,256,256,256,256,256,256,256,256,256,256,256,256,256,256,256,256,256,256,256,256,256,256,256,256,256,256,256,256,256,256,256,256,256,256,256,256,256,256,256,256,256,256,256,256,256,256,256,256,256,256,256,256,256,256,256,256,256,256,256,256,256,256,256,256,256,256,256,256,256,256,256,256,256,256,256,256,256,256,256,256,256,256,256,256,256,256,256,256,256,256,256,256,256,0
0,256,256,256,256,256,256,256,256,256,256,256,256,256,256,256,256,256,256,256,256,256,256,256,256,256,256,256,256,256,256,256,256,256,256,256,256,256,256,256,256,256,256,256,256,256,256,256,256,256,256,256,256,256,256,256,256,256,256,256,256,256,256,256,256,256,256,256,256,256,256,256,256,256,256,256,256,256,256,256,256,256,256,256,256,256,256,256,256,256,256,256,256,256,256,256,256,256,256,256,256,256,256,256,256,256,256,256,256,256,256,256,256,256,256,256,256,256,256,256,256,256,256,256,256,256,256,0
0,256,256,256,256,256,256,256,256,256,256,256,256,256,256,256,256,256,256,256,256,256,256,256,256,256,256,256,256,256,256,256,256,256,256,256,256,256,256,256,256,256,256,256,256,256,256,256,256,256,256,256,256,256,256,256,256,256,256,256,256,256,256,256,256,256,256,256,256,256,256,256,256,256,256,256,256,256,256,256,256,256,256,256,256,256,256,256,256,256,256,256,256,256,256,256,256,256,256,256,256,256,256,256,256,256,256,256,256,256,256,256,256,256,256,256,256,256,256,256,256,256,256,256,256,256,256,0
0,256,256,256,256,256,256,256,256,256,256,256,256,256,256,256,256,256,256,256,256,256,256,256,256,256,256,256,256,256,256,256,256,256,256,256,256,256,256,256,256,256,256,256,256,256,256,256,256,256,256,256,256,256,256,256,256,256,256,256,256,256,256,256,256,256,256,256,256,256,256,256,256,256,256,256,256,256,256,256,256,256,256,256,256,256,256,256,256,256,256,256,256,256,256,256,256,256,256,256,256,256,256,256,256,256,256,256,256,256,256,256,256,256,256,256,256,256,256,256,256,256,256,256,256,256,256,0
0,256,256,256,256,256,256,256,256,256,256,256,256,256,256,256,256,256,256,256,256,256,256,256,256,256,256,256,256,256,256,256,256,256,256,256,256,256,256,256,256,256,256,256,256,256,256,256,256,256,256,256,256,256,256,256,256,256,256,256,256,256,256,256,256,256,256,256,256,256,256,256,256,256,256,256,256,256,256,256,256,256,256,256,256,256,256,256,256,256,256,256,256,256,256,256,256,256,256,256,256,256,256,256,256,256,256,256,256,256,256,256,256,256,256,256,256,256,256,256,256,256,256,256,256,256,256,0
0,256,256,256,256,256,256,256,256,256,256,256,256,256,256,256,256,256,256,256,256,256,256,256,256,256,256,256,256,256,256,256,256,256,256,256,256,256,256,256,256,256,256,256,256,256,256,256,256,256,256,256,256,256,256,256,256,256,256,256,256,256,256,256,256,256,256,256,256,256,256,256,256,256,256,256,256,256,256,256,256,256,256,256,256,256,256,256,256,256,256,256,256,256,256,256,256,256,256,256,256,256,256,256,256,256,256,256,256,256,256,256,256,256,256,256,256,256,256,256,256,256,256,256,256,256,256,0
0,256,256,256,256,256,256,256,256,256,256,256,256,256,256,256,256,256,256,256,256,256,256,256,256,256,256,256,256,256,256,256,256,256,256,256,256,256,256,256,256,256,256,256,256,256,256,256,256,256,256,256,256,256,256,256,256,256,256,256,256,256,256,256,256,256,256,256,256,256,256,256,256,256,256,256,256,256,256,256,256,256,256,256,256,256,256,256,256,256,256,256,256,256,256,256,256,256,256,256,256,256,256,256,256,256,256,256,256,256,256,256,256,256,256,256,256,256,256,256,256,256,256,256,256,256,256,0
0,256,256,256,256,256,256,256,256,256,256,256,256,256,256,256,256,256,256,256,256,256,256,256,256,256,256,256,256,256,256,256,256,256,256,256,256,256,256,256,256,256,256,256,256,256,256,256,256,256,256,256,256,256,256,256,256,256,256,256,256,256,256,256,256,256,256,256,256,256,256,256,256,256,256,256,256,256,256,256,256,256,256,256,256,256,256,256,256,256,256,256,256,256,256,256,256,256,256,256,256,256,256,256,256,256,256,256,256,256,256,256,256,256,256,256,256,256,256,256,256,256,256,256,256,256,256,0
0,256,256,256,256,256,256,256,256,256,256,256,256,256,256,256,256,256,256,256,256,256,256,256,256,256,256,256,256,256,256,256,256,256,256,256,256,256,256,256,256,256,256,256,256,256,256,256,256,256,256,256,256,256,256,256,256,256,256,256,256,256,256,256,256,256,256,256,256,256,256,256,256,256,256,256,256,256,256,256,256,256,256,256,256,256,256,256,256,256,256,256,256,256,256,256,256,256,256,256,256,256,256,256,256,256,256,256,256,256,256,256,256,256,256,256,256,256,256,256,256,256,256,256,256,256,256,0
0,256,256,256,256,256,256,256,256,256,256,256,256,256,256,256,256,256,256,256,256,256,256,256,256,256,256,256,256,256,256,256,256,256,256,256,256,256,256,256,256,256,256,256,256,256,256,256,256,256,256,256,256,256,256,256,256,256,256,256,256,256,256,256,256,256,256,256,256,256,256,256,256,256,256,256,256,256,256,256,256,256,256,256,256,256,256,256,256,256,256,256,256,256,256,256,256,256,256,256,256,256,256,256,256,256,256,256,256,256,256,256,256,256,256,256,256,256,256,256,256,256,256,256,256,256,256,0
0,256,256,256,256,256,256,256,256,256,256,256,256,256,256,256,256,256,256,256,256,256,256,256,256,256,256,256,256,256,256,256,256,256,256,256,256,256,256,256,256,256,256,256,256,256,256,256,256,256,256,256,256,256,256,256,256,256,256,256,256,256,256,256,256,256,256,256,256,256,256,256,256,256,256,256,256,256,256,256,256,256,256,256,256,256,256,256,256,256,256,256,256,256,256,256,256,256,256,256,256,256,256,256,256,256,256,256,256,256,256,256,256,256,256,256,256,256,256,256,256,256,256,256,256,256,256,0
0,256,256,256,256,256,256,256,256,256,256,256,256,256,256,256,256,256,256,256,256,256,256,256,256,256,256,256,256,256,256,256,256,256,256,256,256,256,256,256,256,256,256,256,256,256,256,256,256,256,256,256,256,256,256,256,256,256,256,256,256,256,256,256,256,256,256,256,256,256,256,256,256,256,256,256,256,256,256,256,256,256,256,256,256,256,256,256,256,256,256,256,256,256,256,256,256,256,256,256,256,256,256,256,256,256,256,256,256,256,256,256,256,256,256,256,256,256,256,256,256,256,256,256,256,256,256,0
0,256,256,256,256,256,256,256,256,256,256,256,256,256,256,256,256,256,256,256,256,256,256,256,256,256,256,256,256,256,256,256,256,256,256,256,256,256,256,256,256,256,256,256,256,256,256,256,256,256,256,256,256,256,256,256,256,256,256,256,256,256,256,256,256,256,256,256,256,256,256,256,256,256,256,256,256,256,256,256,256,256,256,256,256,256,256,256,256,256,256,256,256,256,256,256,256,256,256,256,256,256,256,256,256,256,256,256,256,256,256,256,256,256,256,256,256,256,256,256,256,256,256,256,256,256,256,0
0,256,256,256,256,256,256,256,256,256,256,256,256,256,256,256,256,256,256,256,256,256,256,256,256,256,256,256,256,256,256,256,256,256,256,256,256,256,256,256,256,256,256,256,256,256,256,256,256,256,256,256,256,256,256,256,256,256,256,256,256,256,256,256,256,256,256,256,256,256,256,256,256,256,256,256,256,256,256,256,256,256,256,256,256,256,256,256,256,256,256,256,256,256,256,256,256,256,256,256,256,256,256,256,256,256,256,256,256,256,256,256,256,256,256,256,256,256,256,256,256,256,256,256,256,256,256,0
0,256,256,256,256,256,256,256,256,256,256,256,256,256,256,256,256,256,256,256,256,256,256,256,256,256,256,256,256,256,256,256,256,256,256,256,256,256,256,256,256,256,256,256,256,256,256,256,256,256,256,256,256,256,256,256,256,256,256,256,256,256,256,256,256,256,256,256,256,256,256,256,256,256,256,256,256,256,256,256,256,256,256,256,256,256,256,256,256,256,256,256,256,256,256,256,256,256,256,256,256,256,256,256,256,256,256,256,256,256,256,256,256,256,256,256,256,256,256,256,256,256,256,256,256,256,256,0
0,0,0,0,0,0,0,0,0,0,0,0,0,0,0,0,0,0,0,0,0,0,0,0,0,0,0,0,0,0,0,0,0,0,0,0,0,0,0,0,0,0,0,0,0,0,0,0,0,0,0,0,0,0,0,0,0,0,0,0,0,0,0,0,0,0,0,0,0,0,0,0,0,0,0,0,0,0,0,0,0,0,0,0,0,0,0,0,0,0,0,0,0,0,0,0,0,0,0,0,0,0,0,0,0,0,0,0,0,0,0,0,0,0,0,0,0,0,0,0,0,0,0,0,0,0,0,0
