32768
32895
32768
32895
0,0,0,0,0,0,0,0,0,0,0,0,0,0,0,0,0,0,0,0,0,0,0,0,0,0,0,0,0,0,0,0,0,0,0,0,0,0,0,0,0,0,0,0,0,0,0,0,0,0,0,0,0,0,0,0,0,0,0,0,0,0,0,0,0,0,0,0,0,0,0,0,0,0,0,0,0,0,0,0,0,0,0,0,0,0,0,0,0,0,0,0,0,0,0,0,0,0,0,0,0,0,0,0,0,0,0,0,0,0,0,0,0,0,0,0,0,0,0,0,0,0,0,0,0,0,0,0
0,512,512,512,512,512,512,512,512,512,512,512,512,512,512,512,512,512,512,512,512,512,512,512,512,512,512,512,512,512,512,512,512,512,512,512,512,512,512,512,512,512,512,512,512,512,512,512,512,512,512,512,512,512,512,512,512,512,512,512,512,512,512,512,512,512,512,512,512,512,512,512,512,512,512,512,512,512,512,512,512,512,512,512,512,512,512,512,512,512,512,512,512,512,512,512,512,512,512,512,512,512,512,512,512,512,512,512,512,512,512,512,512,512,512,512,512,512,512,512,512,512,512,512,512,512,512,0
0,512,512,512,512,512,512,512,512,512,512,512,512,512,512,512,512,512,512,512,512,512,512,512,512,512,512,512,512,512,512,512,512,512,512,512,512,512,512,512,512,512,512,512,512,512,512,512,512,512,512,512,512,512,512,512,512,512,512,512,512,512,512,512,512,512,512,512,512,512,512,512,512,512,512,512,512,512,512,512,512,512,512,512,512,512,512,512,512,512,512,512,512,512,512,512,512,512,512,512,512,512,512,512,512,512,512,512,512,512,512,512,512,512,512,512,512,512,512,512,512,512,512,512,512,512,512,0
0,512,512,512,512,512,512,512,512,512,512,512,512,512,512,512,512,512,512,512,512,512,512,512,512,512,512,512,512,512,512,512,512,512,512,512,512,512,512,512,512,512,512,512,512,512,512,512,512,512,512,512,512,512,512,512,512,512,512,512,512,512,512,512,512,512,512,512,512,512,512,512,512,512,512,512,512,512,512,512,512,512,512,512,512,512,512,512,512,512,512,512,512,512,512,512,512,512,512,512,512,512,512,512,512,512,512,512,512,512,512,512,512,512,512,512,512,512,512,512,512,512,512,512,512,512,512,0
0,512,512,512,512,512,512,512,512,512,512,512,512,512,512,512,512,512,512,512,512,512,512,512,512,512,512,512,512,512,512,512,512,512,512,512,512,512,512,512,512,512,512,512,512,512,512,512,512,512,512,512,512,512,512,512,512,512,512,512,512,512,512,512,512,512,512,512,512,512,512,512,512,512,512,512,512,512,512,512,512,512,512,512,512,512,512,512,512,512,512,512,512,512,512,512,512,512,512,512,512,512,512,512,512,512,512,512,512,512,512,512,512,512,512,512,512,512,512,512,512,512,512,512,512,512,512,0
0,512,512,512,512,512,512,512,512,512,512,512,512,512,512,512,512,512,512,512,512,512,512,512,512,512,512,512,512,512,512,512,512,512,512,512,512,512,512,512,512,512,512,512,512,512,512,512,512,512,512,512,512,512,512,512,512,512,512,512,512,512,512,512,512,512,512,512,512,512,512,512,512,512,512,512,512,512,512,512,512,512,512,512,512,512,512,512,512,512,512,512,512,512,512,512,512,512,512,512,512,512,512,512,512,512,512,512,512,512,512,512,512,512,512,512,512,512,512,512,512,512,512,512,512,512,512,0
0,512,512,512,512,512,512,512,512,512,512,512,512,512,512,512,512,512,512,512,512,512,512,512,512,512,512,512,512,512,512,512,512,512,512,512,512,512,512,512,512,512,512,512,512,512,512,512,512,512,512,512,512,512,512,512,512,512,512,512,512,512,512,512,512,512,512,512,512,512,512,512,512,512,512,512,512,512,512,512,512,512,512,512,512,512,512,512,512,512,512,512,512,512,512,512,512,512,512,512,512,512,512,512,512,512,512,512,512,512,512,512,512,512,512,512,512,512,512,512,512,512,512,512,512,512,512,0
0,512,512,512,512,512,512,512,512,512,512,512,512,512,512,512,512,512,512,512,512,512,512,512,512,512,512,512,512,512,512,512,512,512,512,512,512,512,512,512,512,512,512,512,512,512,512,512,512,512,512,512,512,512,512,512,512,512,512,512,512,512,512,512,512,512,512,512,512,512,512,512,512,512,512,512,512,512,512,512,512,512,512,512,512,512,512,512,512,512,512,512,512,512,512,512,512,512,512,512,512,512,512,512,512,512,512,512,512,512,512,512,512,512,512,512,512,512,512,512,512,512,512,512,512,512,512,0
0,512,512,512,512,512,512,512,512,512,512,512,512,512,512,512,512,512,512,512,512,512,512,512,512,512,512,512,512,512,512,512,512,512,512,512,512,512,512,512,512,512,512,512,512,512,512,512,512,512,512,512,512,512,512,512,512,512,512,512,512,512,512,512,512,512,512,512,512,512,512,512,512,512,512,512,512,512,512,512,512,512,512,512,512,512,512,512,512,512,512,512,512,512,512,512,512,512,512,512,512,512,512,512,512,512,512,512,512,512,512,512,512,512,512,512,512,512,512,512,512,512,512,512,512,512,512,0
0,512,512,512,512,512,512,512,512,512,512,512,512,512,512,512,512,512,512,512,512,512,512,512,512,512,512,512,512,512,512,512,512,512,512,512,512,512,512,512,512,512,512,512,512,512,512,512,512,512,512,512,512,512,512,512,512,512,512,512,512,512,512,512,512,512,512,512,512,512,512,512,512,512,512,512,512,512,512,512,512,512,512,512,512,512,512,512,512,512,512,512,512,512,512,512,512,512,512,512,512,512,512,512,512,512,512,512,512,512,512,512,512,512,512,512,512,512,512,512,512,512,512,512,512,512,512,0
0,512,512,512,512,512,512,512,512,512,512,512,512,512,512,512,512,512,512,512,512,512,512,512,512,512,512,512,512,512,512,512,512,512,512,512,512,512,512,512,512,512,512,512,512,512,512,512,512,512,512,512,512,512,512,512,512,512,512,512,512,512,512,512,512,512,512,512,512,512,512,512,512,512,512,512,512,512,512,512,512,512,512,512,512,512,512,512,512,512,512,512,512,512,512,512,512,512,512,512,512,512,512,512,512,512,512,512,512,512,512,512,512,512,512,512,512,512,512,512,512,512,512,512,512,512,512,0
0,512,512,512,512,512,512,512,512,512,512,512,512,512,512,512,512,512,512,512,512,512,512,512,512,512,512,512,512,512,512,512,512,512,512,512,512,512,512,512,512,512,512,512,512,512,512,512,512,512,512,512,512,512,512,512,512,512,512,512,512,512,512,512,512,512,512,512,512,512,512,512,512,512,512,512,512,512,512,512,512,512,512,512,512,512,512,512,512,512,512,512,512,512,512,512,512,512,512,512,512,512,512,512,512,512,512,512,512,512,512,512,512,512,512,512,512,512,512,512,512,512,512,512,512,512,512,0
0,512,512,512,512,512,512,512,512,512,512,512,512,512,512,512,512,512,512,512,512,512,512,512,512,512,512,512,512,512,512,512,512,512,512,512,512,512,512,512,512,512,512,512,512,512,512,512,512,512,512,512,512,512,512,512,512,512,512,512,512,512,512,512,512,512,512,512,512,512,512,512,512,512,512,512,512,512,512,512,512,512,512,512,512,512,512,512,512,512,512,512,512,512,512,512,512,512,512,512,512,512,512,512,512,512,512,512,512,512,512,512,512,512,512,512,512,512,512,512,512,512,512,512,512,512,512,0
0,512,512,512,512,512,512,512,512,512,512,512,512,512,512,512,512,512,512,512,512,512,512,512,512,512,512,512,512,512,512,512,512,512,512,512,512,512,512,512,512,512,512,512,512,512,512,512,512,512,512,512,512,512,512,512,512,512,512,512,512,512,512,512,512,512,512,512,512,512,512,512,512,512,512,512,512,512,512,512,512,512,512,512,512,512,512,512,512,512,512,512,512,512,512,512,512,512,512,512,512,512,512,512,512,512,512,512,512,512,512,512,512,512,512,512,512,512,512,512,512,512,512,512,512,512,512,0
0,512,512,512,512,512,512,512,512,512,512,512,512,512,512,512,512,512,512,512,512,512,512,512,512,512,512,512,512,512,512,512,512,512,512,512,512,512,512,512,512,512,512,512,512,512,512,512,512,512,512,512,512,512,512,512,512,512,512,512,512,512,512,512,512,512,512,512,512,512,512,512,512,512,512,512,512,512,512,512,512,512,512,512,512,512,512,512,512,512,512,512,512,512,512,512,512,512,512,512,512,512,512,512,512,512,512,512,512,512,512,512,512,512,512,512,512,512,512,512,512,512,512,512,512,512,512,0
0,512,512,512,512,512,512,512,512,512,512,512,512,512,512,512,512,512,512,512,512,512,512,512,512,512,512,512,512,512,512,512,512,512,512,512,512,512,512,512,512,512,512,512,512,512,512,512,512,512,512,512,512,512,512,512,512,512,512,512,512,512,512,512,512,512,512,512,512,512,512,512,512,512,512,512,512,512,512,512,512,512,512,512,512,512,512,512,512,512,512,512,512,512,512,512,512,512,512,512,512,512,512,512,512,512,512,512,512,512,512,512,512,512,512,512,512,512,512,512,512,512,512,512,512,512,512,0
0,512,512,512,512,512,512,512,512,512,512,512,512,512,512,512,512,512,512,512,512,512,512,512,512,512,512,512,512,512,512,512,512,512,512,512,512,512,512,512,512,512,512,512,512,512,512,512,512,512,512,512,512,512,512,512,512,512,512,512,512,512,512,512,512,512,512,512,512,512,512,512,512,512,512,512,512,512,512,512,512,512,512,512,512,512,512,512,512,512,512,512,512,512,512,512,512,512,512,512,512,512,512,512,512,512,512,512,512,512,512,512,512,512,512,512,512,512,512,512,512,512,512,512,512,512,512,0
0,512,512,512,512,512,512,512,512,512,512,512,512,512,512,512,512,512,512,512,512,512,512,512,512,512,512,512,512,512,512,512,512,512,512,512,512,512,512,512,512,512,512,512,512,512,512,512,512,512,512,512,512,512,512,512,512,512,512,512,512,512,512,512,512,512,512,512,512,512,512,512,512,512,512,512,512,512,512,512,512,512,512,512,512,512,512,512,512,512,512,512,512,512,512,512,512,512,512,512,512,512,512,512,512,512,512,512,512,512,512,512,512,512,512,512,512,512,512,512,512,512,512,512,512,512,512,0
0,512,512,512,512,512,512,512,512,512,512,512,512,512,512,512,512,512,512,512,512,512,512,512,512,512,512,512,512,512,512,512,512,512,512,512,512,512,512,512,512,512,512,512,512,512,512,512,512,512,512,512,512,512,512,512,512,512,512,512,512,512,512,512,512,512,512,512,512,512,512,512,512,512,512,512,512,512,512,512,512,512,512,512,512,512,512,512,512,512,512,512,512,512,512,512,512,512,512,512,512,512,512,512,512,512,512,512,512,512,512,512,512,512,512,512,512,512,512,512,512,512,512,512,512,512,512,0
0,512,512,512,512,512,512,512,512,512,512,512,512,512,512,512,512,512,512,512,512,512,512,610,512,512,512,512,512,512,512,512,512,512,512,512,512,512,512,512,512,512,512,512,614,618,512,512,512,546,512,610,512,512,512,512,512,512,512,512,512,512,512,512,512,512,512,512,512,512,512,512,512,512,512,512,512,512,512,512,512,512,614,618,512,578,512,512,512,512,512,512,512,512,512,512,512,512,512,512,512,512,512,512,512,512,512,512,512,512,512,512,512,512,512,512,512,512,512,512,512,512,512,512,512,512,512,0
0,512,512,512,512,512,512,512,512,512,512,512,512,512,512,512,512,512,512,512,548,558,638,591,712,512,512,512,512,512,512,512,512,512,512,512,512,610,512,512,512,512,512,630,639,751,746,512,512,615,766,623,750,622,618,512,582,620,522,512,512,512,512,512,512,512,512,512,512,512,512,512,512,512,512,512,512,512,512,512,512,630,639,751,766,587,512,512,512,614,622,622,618,512,512,512,512,512,512,512,512,578,512,512,512,512,512,512,512,512,512,512,512,512,512,512,512,512,512,512,512,512,512,512,512,512,512,0
0,512,512,512,512,512,512,512,512,512,512,512,512,512,512,512,512,512,512,512,512,695,735,729,512,512,512,512,512,512,512,512,512,512,512,614,638,623,750,618,512,512,630,639,767,767,751,750,638,639,767,767,767,767,751,766,635,512,739,512,512,512,512,512,512,512,512,512,512,512,512,512,512,512,512,512,512,512,512,512,566,639,767,767,767,747,512,614,638,639,767,767,751,714,512,512,512,512,512,550,638,619,512,512,512,512,512,512,512,512,512,512,512,512,512,512,512,512,512,512,512,512,512,512,512,512,512,0
0,512,512,512,512,512,512,512,512,512,512,512,512,512,512,512,512,512,512,512,512,599,729,512,512,512,512,512,512,512,512,512,614,622,638,639,767,767,767,751,750,638,639,767,767,767,767,767,735,765,703,767,767,767,767,767,751,766,623,750,618,512,512,512,512,512,512,512,512,512,512,512,512,512,512,512,512,512,512,512,631,767,767,767,767,751,766,639,735,765,703,767,735,713,512,512,512,512,512,631,735,749,686,586,512,512,512,546,512,512,512,512,512,512,512,512,512,512,512,512,512,512,512,512,512,512,512,0
0,512,512,512,512,512,512,512,512,512,512,512,512,512,512,512,512,512,546,512,630,635,512,512,578,512,512,512,512,512,550,638,639,767,735,765,703,767,767,767,767,767,767,735,765,703,767,735,729,512,759,767,767,767,767,767,767,767,767,767,751,714,512,512,550,622,622,622,622,618,512,512,512,512,512,512,512,512,512,630,639,767,767,767,767,767,767,767,763,512,759,767,763,512,512,614,622,622,638,639,763,512,759,715,512,512,512,551,714,512,512,512,512,512,512,512,512,512,512,512,512,512,512,512,512,512,512,0
0,512,512,512,512,512,512,512,512,512,512,512,512,512,512,512,512,512,549,702,639,751,750,638,587,512,512,512,512,512,567,767,767,767,763,512,759,767,767,767,767,767,767,763,512,759,767,763,512,630,639,767,767,767,767,767,767,767,767,767,767,747,512,512,599,733,701,703,767,751,750,618,512,512,512,512,512,512,630,639,767,767,767,767,767,767,767,767,751,766,639,767,751,750,638,639,767,767,767,735,717,668,573,651,512,512,512,631,715,512,512,512,512,512,512,512,512,512,512,512,512,512,512,512,512,512,512,0
0,512,512,512,512,512,512,512,512,512,512,512,512,512,512,512,512,512,512,693,703,767,767,767,747,512,512,610,512,512,631,767,767,767,751,766,639,767,767,767,767,767,767,751,766,639,767,751,766,639,767,767,767,767,767,767,767,767,767,767,767,751,750,638,603,512,512,759,767,767,767,751,750,618,512,610,512,630,639,767,767,767,767,767,767,767,767,735,733,669,669,669,701,703,767,767,767,767,767,763,512,512,512,643,512,512,630,607,713,512,512,512,512,512,512,512,512,512,512,512,512,512,512,512,512,512,512,0
0,512,512,512,512,512,512,512,512,512,512,512,512,512,512,512,512,512,512,512,661,701,703,767,751,750,638,623,750,638,639,767,767,767,767,767,767,767,767,767,767,767,767,767,767,767,767,767,767,767,767,767,767,767,767,767,767,735,733,669,701,703,767,767,747,512,564,575,767,767,767,767,767,751,766,623,766,639,767,735,733,669,669,701,703,767,735,729,512,512,512,512,512,695,767,767,767,767,767,751,750,618,512,611,512,630,639,763,512,512,512,512,512,512,512,512,512,512,512,512,512,512,512,512,512,512,512,0
0,512,512,512,512,512,512,512,512,512,512,512,512,512,512,512,512,512,512,512,512,512,759,767,767,767,767,767,767,767,767,767,767,767,767,735,733,701,703,767,735,733,669,669,669,669,669,701,703,767,767,767,767,767,735,765,703,731,512,512,512,695,767,767,751,746,512,759,767,767,767,735,765,671,733,669,669,669,701,667,512,512,512,512,759,735,729,512,512,512,512,512,512,565,703,767,767,767,767,767,767,751,766,623,766,639,767,751,714,512,512,512,512,512,512,512,512,512,512,512,512,512,512,512,512,512,512,0
0,512,512,512,512,512,512,512,512,512,512,512,512,512,512,512,512,512,512,512,512,564,575,767,767,767,767,767,767,767,767,767,767,767,767,731,512,512,661,669,665,512,512,512,512,512,512,512,693,671,733,669,701,703,763,512,759,715,512,512,512,631,767,767,767,751,766,639,767,767,767,731,512,657,512,512,512,512,512,641,512,512,512,566,639,731,512,512,512,512,512,512,512,512,661,669,669,701,703,767,767,767,767,767,767,767,767,735,713,512,512,512,512,512,512,512,512,512,512,512,512,512,512,512,512,512,512,0
0,512,512,512,512,512,512,512,512,512,512,512,512,512,512,512,512,512,512,512,512,512,759,767,767,735,733,669,669,701,703,767,767,767,735,713,512,512,512,512,512,512,512,512,512,512,512,512,512,657,512,512,512,695,751,766,639,747,512,512,566,639,767,767,767,767,767,767,767,767,735,713,512,512,512,512,512,512,512,512,512,512,512,533,669,649,512,512,512,512,512,512,512,512,512,512,512,512,695,767,767,767,767,767,767,767,767,763,512,512,512,512,512,512,512,512,512,512,512,512,512,512,512,512,512,512,512,0
0,512,512,512,512,512,512,512,512,512,512,512,512,512,512,512,512,512,512,512,512,566,639,767,735,729,512,512,512,512,663,733,669,669,665,512,512,512,512,512,512,512,512,512,512,512,512,512,512,512,512,512,512,631,767,767,767,751,746,512,631,767,767,767,767,767,767,767,767,735,729,512,512,512,512,512,512,512,512,512,512,512,512,512,512,512,614,622,622,618,512,512,512,512,512,512,512,512,533,701,703,767,767,767,767,735,733,685,650,512,512,512,512,512,512,512,512,512,512,512,512,512,512,512,512,512,512,0
0,512,512,512,512,512,512,512,512,512,512,512,512,512,512,512,512,512,512,512,512,533,701,703,763,512,512,512,512,512,595,512,512,512,512,512,512,512,512,512,512,512,512,512,512,512,512,512,512,512,512,512,532,541,669,701,703,767,751,766,639,767,767,767,767,767,767,767,767,763,512,578,512,550,590,584,512,512,512,512,512,512,512,512,512,630,639,767,767,751,714,512,512,512,512,512,512,512,512,512,693,671,765,703,767,763,512,512,643,512,512,512,512,512,512,512,512,512,512,512,512,512,512,512,512,512,512,0
0,512,512,512,512,512,512,512,512,512,512,512,512,512,512,512,512,512,512,512,512,512,512,695,751,714,512,512,550,606,585,512,512,512,614,590,584,512,512,614,590,584,512,512,512,512,512,512,512,512,512,512,512,512,512,512,695,767,767,767,767,767,767,767,767,767,767,767,767,751,766,587,512,565,667,512,512,512,512,512,512,512,512,512,630,639,767,767,767,767,747,512,512,512,512,512,512,512,512,512,512,659,512,695,767,751,714,512,513,512,512,512,512,512,512,512,512,512,512,512,512,512,512,512,512,512,512,0
0,512,512,512,512,512,512,512,512,512,512,512,512,512,512,512,512,512,512,512,512,512,512,567,767,715,512,512,567,731,512,550,622,638,639,731,512,512,566,639,763,512,614,586,512,512,512,512,512,512,512,512,512,512,512,512,565,703,767,767,767,767,767,767,767,767,767,767,767,767,767,747,512,512,675,512,614,622,622,622,622,622,622,638,607,733,669,669,701,703,751,746,512,512,512,512,512,512,512,512,512,547,512,631,767,767,715,512,512,512,512,512,512,512,512,512,512,512,512,512,512,512,512,512,512,512,512,0
0,512,512,512,512,512,512,512,512,512,512,512,512,512,512,512,512,512,512,512,512,512,512,565,703,715,512,512,567,747,512,631,767,767,767,715,512,512,631,767,751,766,607,713,512,512,512,512,512,512,512,512,512,512,512,512,512,661,701,703,767,767,767,767,767,767,767,735,733,669,669,653,648,512,615,766,639,767,767,767,767,767,767,735,729,512,512,512,512,695,767,751,750,622,622,618,512,512,512,512,512,551,766,639,767,767,715,512,512,512,512,512,512,512,512,512,512,512,512,512,512,512,512,512,512,512,512,0
0,512,512,512,512,512,512,512,512,512,512,512,512,512,512,512,512,512,512,512,512,512,512,512,695,747,512,512,565,687,766,639,767,767,767,715,512,566,639,767,767,767,763,512,512,512,614,622,622,622,622,618,512,512,512,512,512,512,512,695,767,767,767,767,767,735,733,665,512,512,512,512,512,630,639,767,767,767,767,767,767,767,767,731,512,512,512,512,512,631,767,767,767,767,767,751,714,512,512,512,512,567,767,767,767,767,715,512,512,512,512,512,512,512,512,512,512,512,512,512,512,512,512,512,512,512,512,0
0,512,512,512,512,512,512,512,512,512,512,512,512,512,512,512,512,512,512,512,512,512,512,512,565,687,746,512,512,695,767,735,765,703,767,747,512,631,767,767,767,767,751,750,622,638,639,767,767,767,767,751,714,512,512,512,512,512,512,631,767,767,767,767,767,731,512,512,512,512,512,512,630,639,767,767,767,767,767,767,767,767,767,747,512,512,512,512,566,639,767,767,735,765,703,767,747,512,512,512,512,565,703,767,767,767,715,512,512,512,512,512,512,512,512,512,512,512,512,512,512,512,512,512,512,512,512,0
0,512,512,512,512,512,512,512,512,512,512,512,512,512,512,512,512,512,512,512,512,512,512,512,512,695,751,714,512,567,767,731,512,695,767,751,766,639,767,767,767,767,767,767,767,767,735,733,669,669,669,701,651,512,512,512,512,550,638,639,767,735,733,669,701,651,512,512,512,512,512,630,639,767,735,733,669,701,703,767,767,767,767,751,750,622,618,512,631,767,767,735,729,512,693,703,751,714,512,512,512,512,693,703,767,767,715,512,512,512,512,512,512,512,512,512,512,512,512,512,512,512,512,512,512,512,512,0
0,512,512,512,512,512,512,512,512,512,512,512,512,512,512,512,512,512,512,512,512,512,512,512,512,565,703,747,512,631,767,747,512,631,767,767,735,765,703,767,767,767,767,767,767,735,729,512,512,512,512,512,675,512,512,512,512,631,767,767,767,731,512,512,512,641,512,512,512,614,638,639,767,767,731,512,512,512,693,703,767,767,767,767,767,767,751,766,639,767,767,731,512,512,512,695,767,715,512,512,512,512,512,693,703,767,715,512,512,512,512,512,512,512,512,512,512,512,512,512,512,512,512,512,512,512,512,0
0,512,512,512,512,512,512,512,512,512,512,512,512,512,512,512,512,512,512,512,512,512,512,512,512,512,695,751,766,639,767,751,766,639,767,735,729,512,695,767,767,767,767,767,767,731,512,512,512,512,512,512,549,686,618,512,630,639,767,767,767,747,512,512,512,512,512,512,566,639,767,735,733,669,649,512,512,512,512,695,767,767,767,767,767,767,767,767,767,767,767,715,512,512,512,567,735,713,512,512,512,512,512,512,695,767,715,512,512,512,512,512,512,512,512,512,512,512,512,512,512,512,512,512,512,512,512,0
0,512,512,512,512,512,512,512,512,512,512,512,512,512,512,512,512,512,512,512,512,512,512,512,512,512,567,767,767,767,767,767,735,765,703,731,512,512,567,735,765,703,767,767,767,747,512,512,512,512,512,512,512,695,751,766,639,767,767,767,767,751,750,622,618,512,512,512,565,703,767,731,512,512,512,512,512,512,512,631,767,767,767,767,767,767,767,767,767,767,767,747,512,512,512,631,731,512,512,512,512,512,512,512,631,767,715,512,512,512,512,512,512,512,512,512,512,512,512,512,512,512,512,512,512,512,512,0
0,512,512,512,512,512,512,512,512,512,512,512,512,512,512,512,512,512,512,512,512,512,512,512,512,512,567,767,735,765,671,733,665,512,727,713,512,512,533,665,512,695,767,767,767,751,746,512,512,614,622,618,512,631,767,767,767,767,767,767,767,767,767,767,751,714,512,512,512,695,767,747,512,512,512,512,512,614,638,639,735,733,701,703,767,767,767,767,767,767,767,751,750,622,638,639,715,512,512,512,516,556,558,638,639,735,713,512,512,512,512,512,512,512,512,512,512,512,512,512,512,512,512,512,512,512,512,0
0,512,512,512,512,512,512,512,512,512,512,512,512,512,512,512,512,512,512,512,512,512,512,512,512,512,567,735,729,512,691,512,512,566,635,512,512,512,512,512,512,631,767,767,767,767,751,750,638,639,735,749,702,639,767,767,767,767,767,767,767,767,767,767,767,715,512,512,512,567,767,751,750,622,622,622,638,639,767,767,731,512,512,695,767,767,767,767,767,767,735,733,669,701,703,767,715,512,512,512,512,512,759,767,767,763,512,512,512,512,512,512,512,512,512,512,512,512,512,512,512,512,512,512,512,512,512,0
0,512,512,512,512,512,512,512,512,512,512,512,512,512,512,512,512,512,512,512,512,512,512,512,512,512,631,763,512,512,615,746,512,631,751,750,618,512,512,614,638,639,767,767,767,767,767,767,767,735,729,512,695,767,767,767,767,767,767,767,767,767,767,767,767,747,512,512,512,631,767,767,767,767,767,767,767,767,767,767,715,512,512,567,767,767,767,767,767,735,729,512,512,512,661,669,649,512,512,512,512,630,639,767,767,751,714,512,512,512,512,512,512,512,512,512,512,512,512,512,512,512,512,512,512,512,512,0
0,512,512,512,512,512,512,512,512,512,512,512,512,512,512,512,512,512,512,512,512,512,512,550,622,638,639,751,750,638,639,751,766,639,767,767,751,750,638,639,767,767,767,767,767,735,733,669,701,667,512,512,631,767,767,735,765,703,767,767,767,767,767,767,767,751,750,622,638,639,767,767,767,767,767,767,767,767,767,767,715,512,512,631,767,767,767,767,735,729,512,512,512,512,512,512,512,512,512,614,638,639,767,767,767,767,715,512,512,512,512,512,512,512,512,512,512,512,512,512,512,512,512,512,512,512,512,0
0,512,512,512,512,512,512,512,512,512,512,512,512,512,512,512,512,512,512,512,512,512,512,631,767,767,767,767,767,735,733,669,669,669,701,703,767,767,735,733,701,703,767,767,767,731,512,512,512,641,512,566,639,767,735,729,512,661,701,703,767,767,767,767,767,767,767,767,767,767,767,767,735,733,701,703,767,767,767,767,747,512,630,607,733,669,669,669,665,512,512,512,614,622,618,512,512,614,638,639,767,767,767,767,767,767,715,512,512,512,512,512,512,512,512,512,512,512,512,512,512,512,512,512,512,512,512,0
0,512,512,512,512,512,512,512,512,512,512,512,512,512,512,512,512,512,512,512,512,614,638,639,767,767,735,765,671,729,512,512,512,512,512,695,767,735,729,512,512,695,767,767,767,747,512,512,512,512,512,565,703,735,729,512,512,512,512,695,767,767,767,767,767,767,767,767,767,767,767,735,729,512,512,661,669,669,701,671,749,702,607,729,512,512,512,512,512,512,512,630,607,765,687,750,638,639,767,767,767,735,765,703,735,765,651,512,512,512,512,512,512,512,512,512,512,512,512,512,512,512,512,512,512,512,512,0
0,512,512,512,512,512,512,512,512,512,512,512,512,512,512,512,512,512,512,512,566,639,767,767,735,733,665,512,657,512,512,512,512,512,512,567,767,763,512,512,512,631,767,767,767,751,746,512,512,512,512,512,759,763,512,512,512,512,512,565,671,733,701,703,767,767,767,767,767,767,767,731,512,512,512,512,512,512,512,657,512,661,665,512,512,512,512,610,512,614,638,639,731,512,695,767,767,767,767,767,767,731,512,695,731,512,641,512,512,512,512,512,512,512,512,512,512,512,512,512,512,512,512,512,512,512,512,0
0,512,512,512,512,512,512,512,512,512,512,512,512,512,512,512,512,512,512,512,567,767,767,767,731,512,512,512,512,512,512,512,512,512,512,567,767,751,750,622,638,639,767,767,767,767,751,750,622,618,512,630,639,751,746,512,512,512,512,512,657,512,512,661,669,669,701,703,767,767,767,715,512,512,512,512,512,512,512,512,512,512,512,512,512,512,630,623,766,639,767,767,747,512,631,767,767,767,767,767,767,747,512,631,747,512,512,512,512,512,512,512,512,512,512,512,512,512,512,512,512,512,512,512,512,512,512,0
0,512,512,512,512,512,512,512,512,512,512,512,512,512,512,512,512,512,512,512,567,767,767,767,747,512,512,512,512,512,512,512,512,512,512,567,767,767,767,767,767,767,767,767,767,767,767,767,767,751,766,639,767,767,751,746,512,512,512,512,512,512,512,512,512,512,512,695,767,767,735,713,512,512,512,512,512,512,614,622,618,512,512,512,550,638,639,735,733,701,703,767,751,766,639,767,767,767,767,767,767,751,766,639,751,714,512,512,512,512,512,512,512,512,512,512,512,512,512,512,512,512,512,512,512,512,512,0
0,512,512,512,512,512,512,512,512,512,512,512,512,512,512,512,512,512,512,512,567,767,767,767,751,750,586,512,512,512,512,512,512,512,512,567,767,767,767,767,767,767,767,735,733,701,703,767,767,767,767,767,767,767,767,751,714,512,512,512,512,512,512,512,512,512,512,565,703,767,763,512,512,512,512,512,512,630,639,767,719,712,512,512,567,767,735,729,512,512,693,703,767,767,767,735,733,701,703,767,767,767,767,767,735,713,512,512,512,512,512,512,512,512,512,512,512,512,512,512,512,512,512,512,512,512,512,0
0,512,512,512,512,512,512,512,512,512,512,512,512,512,512,512,512,512,512,512,567,767,767,767,767,767,715,512,512,512,512,512,512,512,512,567,735,765,703,767,767,767,767,731,512,512,661,669,669,669,669,669,701,703,767,767,747,512,512,512,512,512,512,512,512,512,512,512,695,767,751,746,512,614,622,622,638,639,767,735,729,512,512,512,631,767,731,512,512,512,512,759,767,767,735,729,512,512,695,767,767,767,767,767,731,512,512,512,512,512,512,512,512,512,512,512,512,512,512,512,512,512,512,512,512,512,512,0
0,512,512,512,512,512,512,512,512,512,512,512,512,512,512,512,512,512,512,512,631,767,767,735,733,701,651,512,512,512,512,512,512,512,512,567,731,512,695,767,767,735,733,649,512,512,512,512,512,512,512,512,512,695,767,767,751,750,622,622,618,512,512,512,512,512,512,512,631,767,767,751,766,639,767,767,767,767,767,763,512,512,512,566,639,767,747,512,512,512,630,639,767,767,731,512,512,512,567,767,767,767,767,735,713,512,512,512,512,512,512,512,512,512,512,512,512,512,512,512,512,512,512,512,512,512,512,0
0,512,512,512,512,512,512,512,512,512,512,512,512,512,512,512,512,512,516,572,575,767,767,763,512,512,707,512,512,512,512,512,512,512,512,567,747,512,631,767,767,731,512,512,512,512,512,512,512,512,512,512,512,631,767,767,767,767,767,767,751,750,622,586,512,512,512,566,639,767,767,767,735,765,703,767,767,767,767,751,750,618,512,631,767,767,751,750,622,638,639,767,767,767,715,512,512,512,631,767,767,767,735,729,512,512,512,512,512,512,512,512,512,512,512,512,512,512,512,512,512,512,512,512,512,512,512,0
0,512,512,512,512,512,512,512,512,512,512,512,512,512,512,512,512,512,512,512,759,735,765,655,716,540,521,512,512,512,512,512,512,512,512,567,751,766,639,767,767,715,512,512,512,512,512,512,512,512,512,512,630,639,767,735,765,703,767,767,767,767,735,713,512,512,512,631,767,767,767,767,763,512,759,767,767,767,767,767,767,751,766,639,767,767,767,767,767,767,767,767,767,767,747,512,614,638,639,767,735,733,665,512,512,512,512,512,512,512,512,512,512,512,512,512,512,512,512,512,512,512,512,512,512,512,512,0
0,512,512,512,512,512,512,512,512,512,512,512,512,512,512,512,512,512,512,630,639,731,512,657,512,512,512,512,512,512,512,512,512,512,512,567,767,767,767,767,767,747,512,578,512,512,550,618,512,610,512,630,639,767,767,731,512,695,767,767,767,735,729,512,512,512,630,639,767,767,767,767,719,764,575,767,767,735,733,669,701,703,767,767,767,735,765,703,767,735,733,701,703,767,751,766,639,767,735,765,699,512,512,512,512,512,512,512,512,512,512,512,512,512,512,512,512,512,512,512,512,512,512,512,512,512,512,0
0,512,512,512,512,512,512,512,512,512,512,512,512,512,512,512,512,512,532,573,703,747,512,512,512,512,512,512,512,512,512,512,512,512,512,567,767,767,767,767,767,751,766,619,512,512,631,751,766,623,734,637,703,767,735,713,512,567,767,767,735,729,512,512,512,566,639,767,767,767,767,767,763,512,759,767,735,729,512,512,512,661,669,669,669,665,512,695,767,763,512,512,695,767,767,767,735,733,665,512,743,750,590,584,512,512,512,512,512,512,512,512,512,512,512,512,512,512,512,512,512,512,512,512,512,512,512,0
0,512,512,512,512,512,512,512,512,512,512,512,512,512,512,512,512,512,512,512,693,687,750,586,512,512,512,512,512,512,512,512,512,512,512,535,765,703,767,767,767,767,767,751,750,638,639,767,767,735,729,512,695,767,731,512,512,567,767,767,731,512,512,512,512,631,767,767,767,767,767,767,751,766,639,735,729,512,550,618,512,512,512,512,512,512,512,533,669,685,682,512,631,767,767,767,763,512,512,630,639,767,731,512,512,512,512,512,512,512,512,512,512,512,512,512,512,512,512,512,512,512,512,512,512,512,512,0
0,512,512,512,512,512,512,512,512,512,512,512,512,512,512,512,512,512,512,512,512,759,735,713,512,512,512,512,512,512,512,512,512,512,512,531,512,663,733,701,703,767,767,767,767,767,767,767,767,731,512,512,631,767,747,512,512,631,767,767,747,512,512,512,566,639,767,767,767,767,767,735,733,669,669,665,512,512,567,719,748,522,512,512,548,554,512,512,512,512,679,766,639,767,767,767,751,750,638,639,767,767,747,512,512,512,512,512,512,512,512,512,512,512,512,512,512,512,512,512,512,512,512,512,512,512,512,0
0,512,512,512,512,512,512,512,512,512,512,512,512,512,512,512,512,512,512,512,630,639,763,512,512,512,512,512,512,512,512,512,512,512,512,579,512,531,512,512,661,701,703,767,767,767,735,765,703,715,512,566,639,767,751,750,638,639,767,767,751,714,512,512,631,767,767,767,767,767,735,729,512,512,512,512,512,512,599,729,512,643,512,512,512,743,750,622,586,512,533,669,701,703,767,767,767,767,767,767,767,767,751,746,512,512,512,512,512,512,512,512,512,512,512,512,512,512,512,512,512,512,512,512,512,512,512,0
0,512,512,512,512,512,512,512,512,512,512,512,512,512,512,512,512,512,512,566,639,767,751,746,512,512,512,512,512,512,512,512,512,512,630,619,512,579,512,512,512,512,759,767,767,767,731,512,695,715,512,567,767,767,767,735,765,703,767,767,767,747,512,630,639,767,767,767,767,735,729,512,550,618,512,512,512,630,635,512,512,611,512,512,630,639,767,767,747,512,512,512,512,695,767,767,767,767,767,767,767,767,767,751,750,622,622,618,512,512,512,512,512,512,512,512,512,512,512,512,512,512,512,512,512,512,512,0
0,512,512,512,512,512,512,512,512,512,512,512,512,512,512,512,512,512,512,567,767,767,767,719,712,512,512,512,512,512,512,512,512,566,639,751,734,585,512,512,512,532,573,703,767,735,713,512,567,715,512,533,669,701,703,731,512,695,767,767,767,751,766,639,767,767,735,733,669,665,512,512,567,751,750,622,638,607,749,686,638,623,750,638,639,767,767,767,751,714,512,512,512,565,703,767,767,767,767,767,767,735,733,701,703,735,733,685,650,512,512,512,512,512,512,512,512,512,512,512,512,512,512,512,512,512,512,0
0,512,512,512,512,512,512,512,512,512,512,512,512,512,512,512,512,512,512,533,701,703,767,763,512,512,512,512,512,512,512,512,512,567,767,767,731,512,512,512,512,512,512,695,735,729,512,512,533,649,512,512,512,512,661,649,512,567,767,767,767,767,767,767,767,735,729,512,512,512,512,512,565,703,767,767,767,763,512,759,767,767,767,767,767,767,767,767,767,747,512,610,512,512,663,733,701,703,767,767,735,729,512,512,661,665,512,512,641,512,512,512,512,512,512,512,512,512,512,512,512,512,512,512,512,512,512,0
0,512,512,512,512,512,512,512,512,512,512,512,512,512,512,512,512,512,512,512,512,661,701,687,750,590,620,522,512,512,512,512,512,567,767,767,715,512,512,512,512,512,512,631,763,512,512,512,512,512,512,512,512,512,512,512,512,533,701,703,767,767,767,767,767,731,512,512,512,512,512,512,512,695,767,767,767,751,766,639,767,767,767,767,767,767,767,767,767,751,766,623,714,512,529,512,512,661,701,671,729,512,512,512,512,512,512,512,512,512,512,512,512,512,512,512,512,512,512,512,512,512,512,512,512,512,512,0
0,512,512,512,512,512,512,512,512,512,512,512,512,512,512,512,512,512,512,512,512,512,512,695,767,763,512,739,512,512,512,512,512,567,767,767,715,512,512,512,614,622,638,639,751,750,618,512,512,550,622,622,618,512,512,512,512,512,512,661,701,703,767,767,767,747,512,512,512,512,512,512,512,631,767,767,767,767,735,765,703,767,767,767,767,767,767,767,767,767,767,767,747,512,512,512,512,512,512,657,512,512,550,622,622,622,618,512,512,512,512,512,512,512,512,512,512,512,512,512,512,512,512,512,512,512,512,0
0,512,512,512,512,512,512,512,512,512,512,512,512,512,512,512,512,512,512,512,512,512,512,567,767,751,766,623,714,512,512,512,512,567,767,767,715,512,512,564,575,767,767,767,767,767,751,746,512,631,767,767,751,714,512,512,512,512,512,512,512,693,703,767,767,751,714,512,512,512,512,512,566,639,767,767,735,765,667,512,661,669,701,703,767,735,733,701,703,767,767,767,751,750,622,618,512,512,512,512,512,512,567,767,767,767,751,750,586,512,512,512,512,512,512,512,512,512,512,512,512,512,512,512,512,512,512,0
0,512,512,512,512,512,512,512,512,512,512,512,512,512,512,512,512,512,512,512,512,512,512,535,765,703,767,735,713,512,512,512,512,631,767,767,715,512,512,512,759,767,735,765,703,767,767,751,766,639,767,767,767,715,512,512,512,512,512,512,512,512,695,767,767,767,715,512,512,512,512,512,565,703,767,767,763,512,739,512,512,512,512,693,703,763,512,512,759,767,767,767,767,767,767,751,750,586,512,512,512,512,631,767,767,767,767,735,713,512,512,512,512,512,512,512,512,512,512,512,512,512,512,512,512,512,512,0
0,512,512,512,512,512,512,512,512,512,512,512,512,512,512,512,512,512,512,512,512,512,512,529,512,695,767,731,512,512,512,512,630,639,767,767,747,512,614,638,639,767,763,512,759,767,767,767,767,767,767,767,767,747,512,512,512,512,512,512,512,512,567,767,767,767,715,512,512,512,512,512,512,695,767,767,751,766,623,714,512,512,512,512,695,751,750,638,639,767,767,767,767,767,767,767,767,715,512,512,512,566,639,767,767,735,765,699,512,512,512,512,512,512,512,512,512,512,512,512,512,512,512,512,512,512,512,0
0,512,512,512,512,512,512,512,512,512,512,512,512,512,512,512,512,512,512,512,512,512,512,512,512,567,767,715,512,512,512,566,639,767,767,767,751,766,639,767,767,767,751,766,639,767,735,733,701,703,735,733,701,687,750,618,512,512,512,512,512,512,567,767,767,735,713,512,512,512,512,512,512,535,733,701,703,767,767,715,512,512,512,512,567,735,765,703,767,767,767,767,767,767,767,767,767,747,512,610,512,631,767,767,767,763,512,743,714,512,512,512,512,512,512,512,512,512,512,512,512,512,512,512,512,512,512,0
0,512,512,512,512,512,512,512,512,512,512,512,512,512,512,512,512,512,512,512,512,512,512,512,512,567,767,747,512,610,512,631,767,767,767,767,767,767,767,767,767,767,767,767,767,767,731,512,512,759,731,512,512,693,703,751,746,512,578,512,512,512,567,767,767,763,512,512,512,512,512,512,512,563,512,512,759,767,767,747,512,512,512,512,631,763,512,759,767,767,767,767,767,767,767,767,767,751,766,623,766,639,767,767,767,751,766,639,715,512,512,512,512,512,512,512,512,512,512,512,512,512,512,512,512,512,512,0
0,512,512,512,512,512,512,512,512,512,512,512,512,512,512,512,512,512,512,512,512,512,512,512,512,567,767,751,766,623,766,639,767,767,767,767,767,767,767,767,767,767,767,767,767,767,715,512,566,639,715,512,512,512,759,767,751,766,587,512,512,512,631,767,767,751,750,586,512,512,512,512,512,551,750,638,639,767,767,751,718,620,558,638,639,719,764,575,767,767,767,767,767,767,767,767,767,767,767,767,767,767,767,767,767,767,735,765,651,512,512,512,512,512,512,512,512,512,512,512,512,512,512,512,512,512,512,0
0,512,512,512,512,512,512,512,512,512,512,512,512,512,512,512,512,512,512,512,512,512,512,512,512,567,767,767,767,735,733,701,703,767,767,767,735,733,669,701,703,767,767,735,765,703,747,512,631,767,715,512,512,566,639,767,735,733,649,512,512,566,639,767,767,767,767,747,512,512,512,512,512,631,767,767,767,767,767,767,731,512,695,767,767,731,512,695,767,767,767,767,767,767,735,765,703,767,767,767,767,767,767,767,767,735,729,512,641,512,512,512,512,512,512,512,512,512,512,512,512,512,512,512,512,512,512,0
0,512,512,512,512,512,512,512,512,512,512,512,512,512,512,512,512,512,512,512,512,512,512,512,512,567,767,767,767,731,512,512,695,767,735,733,665,512,512,512,661,669,669,665,512,693,687,766,639,767,715,512,512,599,733,669,665,512,512,512,512,631,767,767,767,767,767,719,712,512,512,614,638,607,765,703,767,767,767,767,747,512,631,767,735,713,512,631,767,767,767,767,767,767,763,512,759,767,767,767,767,767,767,767,767,763,512,512,512,512,512,512,512,512,512,512,512,512,512,512,512,512,512,512,512,512,512,0
0,512,512,512,512,512,512,512,512,512,512,512,512,512,512,512,512,512,512,512,512,512,512,512,512,631,767,767,735,713,512,512,567,767,731,512,512,550,618,512,512,512,512,512,512,512,693,703,767,767,747,512,598,601,512,512,512,512,512,614,638,639,767,767,767,767,735,729,512,512,630,639,735,729,512,695,767,767,767,767,751,766,639,767,763,512,630,639,735,765,703,767,767,767,751,766,639,767,767,767,767,767,767,767,767,751,746,512,512,512,512,512,512,512,512,512,512,512,512,512,512,512,512,512,512,512,512,0
0,512,512,512,512,512,512,512,512,512,512,512,512,512,512,512,512,512,512,512,512,512,512,512,630,639,767,767,731,512,512,512,631,735,713,512,512,565,687,714,512,518,620,558,618,512,512,695,767,767,751,734,601,512,512,548,558,622,638,607,765,703,767,767,735,733,665,512,512,566,639,767,763,512,512,599,765,703,767,767,767,767,767,767,751,766,639,767,731,512,695,767,767,767,767,767,767,767,767,767,767,767,767,767,767,767,751,714,512,512,512,512,512,512,512,512,512,512,512,512,512,512,512,512,512,512,512,0
0,512,512,512,512,512,512,512,512,512,512,512,512,512,512,512,512,512,512,512,550,622,622,638,639,767,767,767,747,512,614,638,607,729,512,512,512,512,693,683,512,627,512,759,751,714,512,567,767,767,767,731,512,512,512,512,695,767,735,729,512,759,767,767,731,512,512,512,512,565,703,767,751,750,638,635,512,759,767,767,767,767,735,733,669,669,669,669,649,512,567,735,765,703,767,767,767,767,767,767,767,767,767,767,767,767,767,715,512,512,512,512,512,512,512,512,512,512,512,512,512,512,512,512,512,512,512,0
0,512,512,512,512,512,512,512,512,512,512,512,512,512,512,512,512,512,512,512,567,767,767,767,767,767,767,767,751,766,639,735,729,512,512,516,520,512,512,743,766,623,766,607,765,651,512,567,767,767,735,713,512,512,512,512,567,767,763,512,630,639,767,767,715,512,512,512,512,512,695,767,767,767,767,751,766,639,767,767,767,735,729,512,512,512,512,512,512,512,567,763,512,759,767,767,767,767,767,767,767,767,767,767,767,767,767,715,512,512,512,512,512,512,512,512,512,512,512,512,512,512,512,512,512,512,512,0
0,512,512,512,512,512,512,512,512,512,512,512,512,512,512,512,512,512,512,512,533,669,669,701,703,767,767,767,767,767,735,729,512,512,546,512,512,614,638,639,767,767,735,729,512,643,512,565,703,767,731,512,512,512,512,512,565,703,751,766,639,767,767,767,715,512,512,512,512,512,565,703,767,767,767,767,767,767,767,767,767,731,512,512,512,512,512,512,512,512,565,687,766,607,765,703,767,767,767,767,767,767,767,767,767,735,733,649,512,512,512,512,512,512,512,512,512,512,512,512,512,512,512,512,512,512,512,0
0,512,512,512,512,512,512,512,512,512,512,512,512,512,512,512,512,512,512,512,512,512,512,512,695,767,767,767,767,767,731,512,512,512,551,750,638,639,767,767,767,767,763,512,512,611,512,512,695,767,715,512,512,512,512,512,512,693,703,767,767,767,767,735,713,512,512,512,512,512,512,661,701,703,735,765,703,767,735,733,669,649,512,512,512,512,512,512,512,512,512,695,767,763,512,759,767,767,767,767,767,767,767,767,767,731,512,512,512,512,512,512,512,512,512,512,512,512,512,512,512,512,512,512,512,512,512,0
0,512,512,512,512,512,512,512,512,512,512,512,512,512,512,512,512,512,512,512,512,512,546,512,631,767,767,767,767,767,715,512,512,512,567,767,767,767,767,767,767,767,751,718,604,525,648,512,631,767,747,512,512,512,512,512,512,512,661,701,703,767,767,763,512,512,512,512,512,512,512,512,512,695,731,512,661,669,665,512,512,512,512,512,512,512,512,512,512,512,512,565,703,751,766,639,767,767,767,767,767,767,767,767,767,715,512,512,512,512,512,512,512,512,512,512,512,512,512,512,512,512,512,512,512,512,512,0
0,512,512,512,512,512,512,512,512,512,512,512,512,512,512,512,512,512,512,512,512,512,549,702,639,767,767,767,767,735,713,512,512,512,567,767,767,767,767,767,767,767,735,729,512,512,512,630,639,767,751,750,618,512,512,512,512,512,512,512,695,767,767,751,750,586,512,512,512,512,512,512,512,533,649,512,512,512,512,512,512,512,512,512,512,512,512,512,512,512,512,512,695,767,767,767,735,733,701,703,767,767,767,767,767,715,512,512,512,512,512,512,512,512,512,512,512,512,512,512,512,512,512,512,512,512,512,0
0,512,512,512,512,512,512,512,512,512,512,512,512,512,512,512,512,512,512,512,512,512,512,693,703,767,767,767,735,729,512,512,512,512,533,701,703,767,767,767,767,735,729,512,512,512,630,639,767,767,767,767,751,714,512,512,512,512,512,512,565,703,767,767,767,747,512,512,512,512,512,512,512,512,512,512,512,512,512,512,614,618,512,512,512,578,512,512,512,512,512,512,565,703,767,767,731,512,512,695,767,735,765,703,767,715,512,512,512,512,512,512,512,512,512,512,512,512,512,512,512,512,512,512,512,512,512,0
0,512,512,512,512,512,512,512,512,512,512,512,512,512,512,512,512,512,512,512,512,512,512,512,695,767,767,767,731,512,512,512,512,512,512,512,695,767,767,735,733,665,512,512,512,630,639,735,733,669,701,703,767,715,512,512,512,512,512,512,512,693,703,767,767,751,714,512,512,512,512,512,512,512,512,512,512,512,512,630,639,751,750,622,638,587,512,512,512,512,512,512,512,695,767,767,715,512,512,535,733,665,512,663,733,649,512,512,512,512,512,512,512,512,512,512,512,512,512,512,512,512,512,512,512,512,512,0
0,512,512,512,512,512,512,512,512,512,512,512,512,512,512,512,512,512,512,512,512,512,512,512,567,767,767,767,747,512,512,512,550,586,512,512,631,767,735,729,512,512,512,512,564,575,735,729,512,512,512,695,767,715,512,512,512,512,512,512,512,512,695,767,767,767,747,512,512,512,512,512,512,512,512,512,512,512,630,639,767,767,767,767,767,715,512,512,512,512,512,512,512,567,767,767,715,512,512,595,512,512,512,595,512,512,512,512,512,512,512,512,512,512,512,512,512,512,512,512,512,512,512,512,512,512,512,0
0,512,512,512,512,512,512,512,512,512,512,512,512,512,512,512,512,512,512,512,512,512,512,512,567,767,767,767,719,712,512,512,567,747,512,630,639,735,729,512,512,512,512,512,512,695,731,512,512,512,512,567,767,747,512,512,512,512,512,512,512,512,567,767,767,767,751,750,618,512,512,512,512,512,512,512,512,630,639,767,735,733,701,703,767,715,512,512,512,512,512,512,512,631,767,767,747,512,630,619,512,614,638,619,512,512,512,512,512,512,512,512,512,512,512,512,512,512,512,512,512,512,512,512,512,512,512,0
0,512,512,512,512,512,512,512,512,512,512,512,512,512,512,512,512,512,512,512,512,512,512,512,631,767,767,767,731,512,512,512,567,751,766,639,767,731,512,512,512,512,582,584,512,565,683,512,512,512,512,631,767,751,750,618,512,512,512,512,512,512,567,767,767,767,767,767,751,750,622,622,622,618,512,512,630,639,767,735,729,512,512,759,767,715,512,512,512,546,512,512,630,639,767,767,751,766,639,751,766,639,767,751,746,512,512,512,512,512,512,512,512,512,512,512,512,512,512,512,512,512,512,512,512,512,512,0
0,512,512,512,512,512,512,512,512,512,512,512,512,512,512,512,512,512,512,512,512,512,512,630,639,767,767,767,715,512,512,512,565,703,767,767,767,747,512,512,614,638,603,512,546,512,743,750,622,622,638,639,767,767,767,751,750,586,512,512,512,512,565,703,767,767,767,767,767,767,767,767,767,751,750,638,639,767,767,731,512,512,566,639,767,747,512,512,512,551,750,606,637,703,767,767,767,767,767,767,767,767,767,767,751,750,586,512,512,512,512,512,512,512,512,512,512,512,512,512,512,512,512,512,512,512,512,0
0,512,512,512,512,512,512,512,512,512,512,512,512,512,512,512,512,512,512,512,512,512,630,639,767,735,733,669,649,512,512,512,512,693,703,767,767,751,750,638,639,767,715,512,549,702,639,767,767,767,767,767,767,767,767,767,767,715,512,512,512,512,512,693,703,767,767,767,767,767,735,765,703,767,767,767,767,767,767,715,512,512,565,703,767,751,714,512,512,567,735,729,512,695,767,767,767,735,765,703,767,767,767,767,767,735,713,512,512,512,512,512,512,512,512,512,512,512,512,512,512,512,512,512,512,512,512,0
0,512,512,512,512,512,512,512,512,512,512,512,512,512,512,512,512,512,512,512,512,566,639,767,767,763,512,512,512,512,512,512,512,512,661,669,669,701,703,735,765,703,747,512,512,695,767,767,735,765,703,735,733,669,669,701,703,747,512,512,512,512,512,512,693,703,767,735,733,669,665,512,695,767,767,735,733,669,669,649,512,512,512,693,703,767,747,512,512,567,731,512,512,631,767,767,767,763,512,759,767,767,767,767,767,731,512,512,512,512,512,512,512,512,512,512,512,512,512,512,512,512,512,512,512,512,512,0
0,512,512,512,512,512,512,512,512,512,512,512,512,512,512,512,512,512,512,512,512,567,767,767,767,751,714,512,512,512,512,512,512,512,512,512,512,512,695,731,512,695,751,714,512,533,669,669,665,512,695,731,512,512,512,512,695,751,714,512,512,512,512,512,512,693,671,729,512,512,512,512,567,767,735,729,512,512,512,512,512,512,512,512,695,767,751,746,512,631,747,512,630,639,767,767,767,751,766,639,767,767,767,767,767,747,512,512,512,512,512,512,512,512,512,512,512,512,512,512,512,512,512,512,512,512,512,0
0,512,512,512,512,512,512,512,512,512,512,512,512,512,512,512,512,512,512,512,512,567,767,767,767,767,747,512,512,512,512,512,512,512,512,512,512,512,567,747,512,631,767,747,512,512,512,512,512,512,567,715,512,512,512,512,631,767,747,512,512,512,512,512,512,512,755,512,512,512,512,512,631,767,731,512,512,512,512,512,512,512,512,512,631,767,767,751,766,639,751,766,639,767,767,767,767,767,767,767,767,767,767,767,767,751,714,512,512,512,512,512,512,512,512,512,512,512,512,512,512,512,512,512,512,512,512,0
0,512,512,512,512,512,512,512,512,512,512,512,512,512,512,512,512,512,512,512,512,631,767,767,767,767,751,750,618,512,512,512,512,512,512,512,512,512,631,751,766,639,767,751,750,618,512,512,512,512,631,715,512,512,550,638,639,767,751,750,622,622,622,622,622,638,623,750,618,512,512,566,639,767,715,512,512,550,622,586,512,512,512,566,607,733,701,703,767,767,767,767,767,767,735,765,671,733,701,703,767,767,767,767,767,767,715,512,512,512,512,512,512,512,512,512,512,512,512,512,512,512,512,512,512,512,512,0
0,512,512,512,512,512,512,512,512,512,512,512,512,512,512,512,512,512,512,512,566,639,767,767,767,767,767,767,751,750,622,622,586,512,512,512,512,630,639,767,767,767,767,767,767,751,750,618,512,630,607,713,512,512,533,669,669,701,703,767,767,767,767,767,767,767,767,767,751,746,512,631,767,767,715,512,512,565,703,747,512,512,512,533,665,512,512,759,767,767,767,767,767,767,731,512,659,512,512,695,767,767,767,767,767,735,713,512,512,512,512,512,512,512,512,512,512,512,512,512,512,512,512,512,512,512,512,0
0,512,512,512,512,512,512,512,512,512,512,512,512,512,512,512,512,512,512,512,631,767,735,733,669,701,703,767,767,767,767,767,715,512,512,512,566,639,767,767,767,735,765,703,767,767,767,751,766,639,731,512,512,512,512,512,512,512,695,767,767,767,767,767,767,767,767,767,767,751,766,639,767,735,713,512,512,512,759,751,746,512,512,512,512,512,630,639,767,767,767,767,735,765,683,512,579,512,512,631,767,767,767,767,767,731,512,512,512,512,512,512,512,512,512,512,512,512,512,512,512,512,512,512,512,512,512,0
0,512,512,512,512,512,512,512,512,512,512,512,512,512,512,512,512,610,512,630,639,767,731,512,512,512,727,733,701,703,767,735,713,512,512,512,567,767,767,767,735,729,512,693,703,767,767,767,767,767,747,512,512,512,550,622,586,512,567,767,767,767,767,767,767,767,767,767,767,767,767,767,735,729,512,512,512,532,573,703,751,746,512,614,622,638,607,765,703,767,767,767,763,512,743,766,619,512,630,639,767,767,767,767,767,715,512,512,512,512,512,512,512,512,512,512,512,512,512,512,512,512,512,512,512,512,512,0
0,512,512,512,512,512,512,512,512,512,512,512,512,512,512,512,564,559,766,639,767,767,715,512,550,606,601,512,512,695,767,731,512,512,512,512,565,703,767,767,731,512,512,512,759,767,767,767,767,767,751,714,512,512,631,767,715,512,567,767,767,767,767,767,735,733,669,669,701,703,767,767,763,512,512,512,512,512,512,759,767,751,766,639,767,767,763,512,759,767,767,767,751,766,639,767,751,766,639,767,767,767,767,735,765,651,512,512,512,512,512,512,512,512,512,512,512,512,512,512,512,512,512,512,512,512,512,0
0,512,512,512,512,512,512,512,512,512,512,512,512,512,512,512,512,661,701,703,767,767,747,512,631,763,512,512,512,631,767,715,512,512,512,512,512,695,767,767,715,512,512,566,639,767,767,767,767,767,767,715,512,566,639,767,715,512,565,703,735,733,669,669,665,512,512,512,512,695,767,767,751,750,622,622,622,622,638,639,767,735,733,701,703,767,751,766,639,767,767,767,767,767,767,767,767,767,735,765,703,767,767,731,512,643,512,512,512,512,512,512,512,512,512,512,512,512,512,512,512,512,512,512,512,512,512,0
0,512,512,512,512,512,512,512,512,512,512,512,512,512,512,512,512,512,512,695,767,767,751,766,639,751,750,622,638,639,767,747,512,512,512,512,512,533,669,669,649,512,512,631,735,733,701,703,767,767,767,747,512,631,735,733,649,512,512,727,729,512,512,512,512,512,512,512,512,631,767,767,767,767,735,733,701,703,767,767,735,729,512,512,695,767,767,767,767,767,767,767,767,767,767,735,765,703,763,512,759,767,767,747,512,579,512,512,512,512,512,512,512,512,512,512,512,512,512,512,512,512,512,512,512,512,512,0
0,512,512,512,512,512,512,512,512,512,512,512,512,512,512,512,512,512,512,567,767,767,767,767,767,767,767,767,767,767,767,751,714,512,512,512,512,512,512,512,512,512,566,607,729,512,512,693,703,767,767,751,766,639,763,512,512,512,630,635,512,512,512,512,614,622,622,590,604,573,703,767,767,735,729,512,512,695,735,765,699,512,512,512,567,767,735,733,669,701,703,767,767,767,735,729,512,695,719,764,575,767,767,751,766,587,512,512,512,512,512,512,512,512,512,512,512,512,512,512,512,512,512,512,512,512,512,0
0,512,512,512,512,512,512,512,512,512,512,512,512,512,512,512,512,512,512,535,765,703,767,735,765,703,767,767,767,767,767,767,715,512,512,512,512,512,512,512,512,512,631,763,512,512,512,512,759,767,767,767,767,767,751,750,622,638,639,751,750,622,622,638,639,767,767,731,512,512,759,767,767,763,512,512,512,565,667,512,647,712,512,512,631,735,729,512,512,512,661,669,701,703,763,512,512,631,763,512,759,767,767,767,767,747,512,512,512,512,512,512,512,512,512,512,512,512,512,512,512,512,512,512,512,512,512,0
0,512,512,512,512,512,512,512,512,512,512,512,512,512,512,512,512,512,512,563,512,727,733,665,512,759,767,735,733,669,701,703,747,512,614,622,622,622,622,622,622,638,639,751,750,622,590,604,573,703,767,767,767,767,767,767,767,767,767,735,733,701,703,767,767,735,765,651,512,566,639,767,767,751,714,512,512,512,641,512,595,512,512,630,607,729,512,512,512,512,512,512,512,759,751,750,638,639,751,766,639,767,767,767,767,719,712,512,512,512,512,512,512,512,512,512,512,512,512,512,512,512,512,512,512,512,512,0
0,512,512,512,512,512,512,512,512,512,512,512,512,512,512,512,512,512,512,517,668,537,512,512,566,639,767,731,512,512,512,695,751,766,639,767,767,767,767,767,767,767,767,735,765,671,729,512,512,661,669,669,701,703,767,767,767,767,767,731,512,512,661,669,669,665,512,641,512,565,703,767,767,735,713,512,512,512,512,630,619,512,630,639,731,512,512,512,512,512,512,512,564,575,767,767,767,767,767,767,767,767,767,767,767,731,512,512,512,512,512,512,512,512,512,512,512,512,512,512,512,512,512,512,512,512,512,0
0,512,512,512,512,512,512,512,512,512,512,512,512,512,512,512,512,512,512,512,512,512,512,512,567,767,767,747,512,512,512,631,767,767,735,765,703,735,733,701,703,767,767,763,512,723,512,512,512,512,512,512,512,695,767,767,767,767,735,713,512,512,512,512,512,512,512,512,512,512,759,767,767,763,512,614,622,622,606,637,687,766,639,735,713,512,512,512,512,512,512,512,512,693,671,733,669,701,703,767,767,735,765,703,735,713,512,512,512,512,512,512,512,512,512,512,512,512,512,512,512,512,512,512,512,512,512,0
0,512,512,512,512,512,512,512,512,512,512,512,512,512,512,512,512,512,512,512,512,512,512,512,567,767,767,751,750,622,638,639,767,735,729,512,661,665,512,512,661,701,703,751,734,585,512,512,512,512,512,512,512,567,767,767,767,767,763,512,512,512,512,512,512,512,512,512,512,566,639,767,767,751,766,607,733,669,665,512,661,701,703,731,512,512,512,512,512,512,512,512,512,512,657,512,512,512,695,767,735,729,512,759,731,512,512,512,512,512,512,512,512,512,512,512,512,512,512,512,512,512,512,512,512,512,512,0
0,512,512,512,512,512,512,512,512,512,512,512,512,512,512,512,512,512,512,512,512,512,512,512,631,767,767,767,767,767,767,767,735,729,512,512,512,512,512,512,512,512,695,767,731,512,512,512,512,512,512,512,512,567,767,735,733,669,653,648,512,512,512,512,512,512,512,512,512,567,767,767,767,767,735,729,512,512,512,512,512,512,759,747,512,512,512,512,512,512,512,512,512,512,512,512,512,512,567,767,763,512,630,639,715,512,512,512,512,512,512,512,512,512,512,512,512,512,512,512,512,512,512,512,512,512,512,0
0,512,512,512,512,512,512,512,512,512,512,512,512,512,512,512,512,512,512,512,512,512,512,532,541,669,701,703,767,767,767,767,731,512,512,512,512,512,512,512,512,512,535,733,649,512,512,512,512,512,512,512,512,631,767,731,512,512,512,512,512,512,512,512,512,512,512,512,512,533,669,669,701,671,729,512,512,512,512,550,622,606,605,653,648,512,512,512,512,512,512,512,512,512,512,512,512,512,567,735,717,668,541,701,651,512,512,512,512,512,512,512,512,512,512,512,512,512,512,512,512,512,512,512,512,512,512,0
0,512,512,512,512,512,512,512,512,512,512,512,512,512,512,512,512,512,512,512,512,512,512,512,512,512,512,693,671,733,701,703,747,512,512,512,512,512,512,512,512,512,531,512,512,512,512,512,512,512,512,512,566,639,767,715,512,512,512,512,512,512,512,512,512,512,512,512,512,512,512,512,512,657,512,512,512,512,512,631,767,731,512,512,512,512,512,512,512,512,512,512,512,512,512,512,512,512,533,665,512,512,512,512,641,512,512,512,512,512,512,512,512,512,512,512,512,512,512,512,512,512,512,512,512,512,512,0
0,512,512,512,512,512,512,512,512,512,512,512,512,512,512,512,512,512,512,512,512,512,512,512,512,512,512,512,659,512,512,759,751,714,512,512,512,512,512,512,512,512,579,512,512,512,512,512,512,512,512,512,567,767,767,715,512,512,512,512,512,512,512,512,512,512,512,512,512,512,512,512,512,512,512,512,512,614,638,639,735,713,512,512,512,512,512,512,512,512,512,512,512,512,512,512,512,512,512,512,512,512,512,512,512,512,512,512,512,512,512,512,512,512,512,512,512,512,512,512,512,512,512,512,512,512,512,0
0,512,512,512,512,512,512,512,512,512,512,512,512,512,512,512,512,512,512,512,512,512,512,512,512,512,512,512,513,512,532,541,669,649,512,512,512,512,512,512,512,532,521,512,512,512,512,512,512,512,512,512,565,671,733,649,512,512,512,512,512,512,512,512,512,512,512,512,512,512,512,512,512,512,512,512,532,541,669,701,667,512,512,512,512,512,512,512,512,512,512,512,512,512,512,512,512,512,512,512,512,512,512,512,512,512,512,512,512,512,512,512,512,512,512,512,512,512,512,512,512,512,512,512,512,512,512,0
0,512,512,512,512,512,512,512,512,512,512,512,512,512,512,512,512,512,512,512,512,512,512,512,512,512,512,512,512,512,512,512,512,512,512,512,512,512,512,512,512,512,512,512,512,512,512,512,512,512,512,512,512,657,512,512,512,512,512,512,512,512,512,512,512,512,512,512,512,512,512,512,512,512,512,512,512,512,512,512,643,512,512,512,512,512,512,512,512,512,512,512,512,512,512,512,512,512,512,512,512,512,512,512,512,512,512,512,512,512,512,512,512,512,512,512,512,512,512,512,512,512,512,512,512,512,512,0
0,512,512,512,512,512,512,512,512,512,512,512,512,512,512,512,512,512,512,512,512,512,512,512,512,512,512,512,512,512,512,512,512,512,512,512,512,512,512,512,512,512,512,512,512,512,512,512,512,512,512,512,512,512,512,512,512,512,512,512,512,512,512,512,512,512,512,512,512,512,512,512,512,512,512,512,512,512,512,512,513,512,512,512,512,512,512,512,512,512,512,512,512,512,512,512,512,512,512,512,512,512,512,512,512,512,512,512,512,512,512,512,512,512,512,512,512,512,512,512,512,512,512,512,512,512,512,0
0,512,512,512,512,512,512,512,512,512,512,512,512,512,512,512,512,512,512,512,512,512,512,512,512,512,512,512,512,512,512,512,512,512,512,512,512,512,512,512,512,512,512,512,512,512,512,512,512,512,512,512,512,512,512,512,512,512,512,512,512,512,512,512,512,512,512,512,512,512,512,512,512,512,512,512,512,512,512,512,512,512,512,512,512,512,512,512,512,512,512,512,512,512,512,512,512,512,512,512,512,512,512,512,512,512,512,512,512,512,512,512,512,512,512,512,512,512,512,512,512,512,512,512,512,512,512,0
0,512,512,512,512,512,512,512,512,512,512,512,512,512,512,512,512,512,512,512,512,512,512,512,512,512,512,512,512,512,512,512,512,512,512,512,512,512,512,512,512,512,512,512,512,512,512,512,512,512,512,512,512,512,512,512,512,512,512,512,512,512,512,512,512,512,512,512,512,512,512,512,512,512,512,512,512,512,512,512,512,512,512,512,512,512,512,512,512,512,512,512,512,512,512,512,512,512,512,512,512,512,512,512,512,512,512,512,512,512,512,512,512,512,512,512,512,512,512,512,512,512,512,512,512,512,512,0
0,512,512,512,512,512,512,512,512,512,512,512,512,512,512,512,512,512,512,512,512,512,512,512,512,512,512,512,512,512,512,512,512,512,512,512,512,512,512,512,512,512,512,512,512,512,512,512,512,512,512,512,512,512,512,512,512,512,512,512,512,512,512,512,512,512,512,512,512,512,512,512,512,512,512,512,512,512,512,512,512,512,512,512,512,512,512,512,512,512,512,512,512,512,512,512,512,512,512,512,512,512,512,512,512,512,512,512,512,512,512,512,512,512,512,512,512,512,512,512,512,512,512,512,512,512,512,0
0,512,512,512,512,512,512,512,512,512,512,512,512,512,512,512,512,512,512,512,512,512,512,512,512,512,512,512,512,512,512,512,512,512,512,512,512,512,512,512,512,512,512,512,512,512,512,512,512,512,512,512,512,512,512,512,512,512,512,512,512,512,512,512,512,512,512,512,512,512,512,512,512,512,512,512,512,512,512,512,512,512,512,512,512,512,512,512,512,512,512,512,512,512,512,512,512,512,512,512,512,512,512,512,512,512,512,512,512,512,512,512,512,512,512,512,512,512,512,512,512,512,512,512,512,512,512,0
0,512,512,512,512,512,512,512,512,512,512,512,512,512,512,512,512,512,512,512,512,512,512,512,512,512,512,512,512,512,512,512,512,512,512,512,512,512,512,512,512,512,512,512,512,512,512,512,512,512,512,512,512,512,512,512,512,512,512,512,512,512,512,512,512,512,512,512,512,512,512,512,512,512,512,512,512,512,512,512,512,512,512,512,512,512,512,512,512,512,512,512,512,512,512,512,512,512,512,512,512,512,512,512,512,512,512,512,512,512,512,512,512,512,512,512,512,512,512,512,512,512,512,512,512,512,512,0
0,512,512,512,512,512,512,512,512,512,512,512,512,512,512,512,512,512,512,512,512,512,512,512,512,512,512,512,512,512,512,512,512,512,512,512,512,512,512,512,512,512,512,512,512,512,512,512,512,512,512,512,512,512,512,512,512,512,512,512,512,512,512,512,512,512,512,512,512,512,512,512,512,512,512,512,512,512,512,512,512,512,512,512,512,512,512,512,512,512,512,512,512,512,512,512,512,512,512,512,512,512,512,512,512,512,512,512,512,512,512,512,512,512,512,512,512,512,512,512,512,512,512,512,512,512,512,0
0,512,512,512,512,512,512,512,512,512,512,512,512,512,512,512,512,512,512,512,512,512,512,512,512,512,512,512,512,512,512,512,512,512,512,512,512,512,512,512,512,512,512,512,512,512,512,512,512,512,512,512,512,512,512,512,512,512,512,512,512,512,512,512,512,512,512,512,512,512,512,512,512,512,512,512,512,512,512,512,512,512,512,512,512,512,512,512,512,512,512,512,512,512,512,512,512,512,512,512,512,512,512,512,512,512,512,512,512,512,512,512,512,512,512,512,512,512,512,512,512,512,512,512,512,512,512,0
0,512,512,512,512,512,512,512,512,512,512,512,512,512,512,512,512,512,512,512,512,512,512,512,512,512,512,512,512,512,512,512,512,512,512,512,512,512,512,512,512,512,512,512,512,512,512,512,512,512,512,512,512,512,512,512,512,512,512,512,512,512,512,512,512,512,512,512,512,512,512,512,512,512,512,512,512,512,512,512,512,512,512,512,512,512,512,512,512,512,512,512,512,512,512,512,512,512,512,512,512,512,512,512,512,512,512,512,512,512,512,512,512,512,512,512,512,512,512,512,512,512,512,512,512,512,512,0
0,512,512,512,512,512,512,512,512,512,512,512,512,512,512,512,512,512,512,512,512,512,512,512,512,512,512,512,512,512,512,512,512,512,512,512,512,512,512,512,512,512,512,512,512,512,512,512,512,512,512,512,512,512,512,512,512,512,512,512,512,512,512,512,512,512,512,512,512,512,512,512,512,512,512,512,512,512,512,512,512,512,512,512,512,512,512,512,512,512,512,512,512,512,512,512,512,512,512,512,512,512,512,512,512,512,512,512,512,512,512,512,512,512,512,512,512,512,512,512,512,512,512,512,512,512,512,0
0,512,512,512,512,512,512,512,512,512,512,512,512,512,512,512,512,512,512,512,512,512,512,512,512,512,512,512,512,512,512,512,512,512,512,512,512,512,512,512,512,512,512,512,512,512,512,512,512,512,512,512,512,512,512,512,512,512,512,512,512,512,512,512,512,512,512,512,512,512,512,512,512,512,512,512,512,512,512,512,512,512,512,512,512,512,512,512,512,512,512,512,512,512,512,512,512,512,512,512,512,512,512,512,512,512,512,512,512,512,512,512,512,512,512,512,512,512,512,512,512,512,512,512,512,512,512,0
0,512,512,512,512,512,512,512,512,512,512,512,512,512,512,512,512,512,512,512,512,512,512,512,512,512,512,512,512,512,512,512,512,512,512,512,512,512,512,512,512,512,512,512,512,512,512,512,512,512,512,512,512,512,512,512,512,512,512,512,512,512,512,512,512,512,512,512,512,512,512,512,512,512,512,512,512,512,512,512,512,512,512,512,512,512,512,512,512,512,512,512,512,512,512,512,512,512,512,512,512,512,512,512,512,512,512,512,512,512,512,512,512,512,512,512,512,512,512,512,512,512,512,512,512,512,512,0
0,512,512,512,512,512,512,512,512,512,512,512,512,512,512,512,512,512,512,512,512,512,512,512,512,512,512,512,512,512,512,512,512,512,512,512,512,512,512,512,512,512,512,512,512,512,512,512,512,512,512,512,512,512,512,512,512,512,512,512,512,512,512,512,512,512,512,512,512,512,512,512,512,512,512,512,512,512,512,512,512,512,512,512,512,512,512,512,512,512,512,512,512,512,512,512,512,512,512,512,512,512,512,512,512,512,512,512,512,512,512,512,512,512,512,512,512,512,512,512,512,512,512,512,512,512,512,0
0,512,512,512,512,512,512,512,512,512,512,512,512,512,512,512,512,512,512,512,512,512,512,512,512,512,512,512,512,512,512,512,512,512,512,512,512,512,512,512,512,512,512,512,512,512,512,512,512,512,512,512,512,512,512,512,512,512,512,512,512,512,512,512,512,512,512,512,512,512,512,512,512,512,512,512,512,512,512,512,512,512,512,512,512,512,512,512,512,512,512,512,512,512,512,512,512,512,512,512,512,512,512,512,512,512,512,512,512,512,512,512,512,512,512,512,512,512,512,512,512,512,512,512,512,512,512,0
0,512,512,512,512,512,512,512,512,512,512,512,512,512,512,512,512,512,512,512,512,512,512,512,512,512,512,512,512,512,512,512,512,512,512,512,512,512,512,512,512,512,512,512,512,512,512,512,512,512,512,512,512,512,512,512,512,512,512,512,512,512,512,512,512,512,512,512,512,512,512,512,512,512,512,512,512,512,512,512,512,512,512,512,512,512,512,512,512,512,512,512,512,512,512,512,512,512,512,512,512,512,512,512,512,512,512,512,512,512,512,512,512,512,512,512,512,512,512,512,512,512,512,512,512,512,512,0
0,512,512,512,512,512,512,512,512,512,512,512,512,512,512,512,512,512,512,512,512,512,512,512,512,512,512,512,512,512,512,512,512,512,512,512,512,512,512,512,512,512,512,512,512,512,512,512,512,512,512,512,512,512,512,512,512,512,512,512,512,512,512,512,512,512,512,512,512,512,512,512,512,512,512,512,512,512,512,512,512,512,512,512,512,512,512,512,512,512,512,512,512,512,512,512,512,512,512,512,512,512,512,512,512,512,512,512,512,512,512,512,512,512,512,512,512,512,512,512,512,512,512,512,512,512,512,0
0,512,512,512,512,512,512,512,512,512,512,512,512,512,512,512,512,512,512,512,512,512,512,512,512,512,512,512,512,512,512,512,512,512,512,512,512,512,512,512,512,512,512,512,512,512,512,512,512,512,512,512,512,512,512,512,512,512,512,512,512,512,512,512,512,512,512,512,512,512,512,512,512,512,512,512,512,512,512,512,512,512,512,512,512,512,512,512,512,512,512,512,512,512,512,512,512,512,512,512,512,512,512,512,512,512,512,512,512,512,512,512,512,512,512,512,512,512,512,512,512,512,512,512,512,512,512,0
0,0,0,0,0,0,0,0,0,0,0,0,0,0,0,0,0,0,0,0,0,0,0,0,0,0,0,0,0,0,0,0,0,0,0,0,0,0,0,0,0,0,0,0,0,0,0,0,0,0,0,0,0,0,0,0,0,0,0,0,0,0,0,0,0,0,0,0,0,0,0,0,0,0,0,0,0,0,0,0,0,0,0,0,0,0,0,0,0,0,0,0,0,0,0,0,0,0,0,0,0,0,0,0,0,0,0,0,0,0,0,0,0,0,0,0,0,0,0,0,0,0,0,0,0,0,0,0
