32704
32831
32768
32895
0,0,0,0,0,0,0,0,0,0,0,0,0,0,0,0,0,0,0,0,0,0,0,0,0,0,0,0,0,0,0,0,0,0,0,0,0,0,0,0,0,0,0,0,0,0,0,0,0,0,0,0,0,0,0,0,0,0,0,0,0,0,0,0,0,0,0,0,0,0,0,0,0,0,0,0,0,0,0,0,0,0,0,0,0,0,0,0,0,0,0,0,0,0,0,0,0,0,0,0,0,0,0,0,0,0,0,0,0,0,0,0,0,0,0,0,0,0,0,0,0,0,0,0,0,0,0,0
0,256,256,256,256,256,256,256,256,256,256,256,256,256,256,256,256,256,256,256,256,256,256,256,256,256,256,256,256,256,256,256,256,256,256,256,256,256,256,256,256,256,256,256,256,256,256,256,256,256,256,256,256,256,256,256,256,256,256,256,256,256,256,256,256,256,256,256,256,256,256,256,256,256,256,256,256,256,256,256,256,256,256,256,256,256,256,256,256,256,256,256,256,256,256,256,256,256,256,256,256,256,256,256,256,256,256,256,256,256,256,256,256,256,256,256,256,256,256,256,256,256,256,256,256,256,256,0
0,256,256,256,256,256,256,256,256,256,256,256,256,256,256,256,256,256,256,256,256,256,256,256,256,256,256,256,256,256,256,256,256,256,256,256,256,256,256,256,256,256,256,256,256,256,256,256,256,256,256,256,256,256,256,256,256,256,256,256,256,256,256,256,256,256,256,256,256,256,256,256,256,256,256,256,256,256,256,256,256,256,256,256,256,256,256,256,256,256,256,256,256,256,256,256,256,256,256,256,256,256,256,256,256,256,256,256,256,256,256,256,256,256,256,256,256,256,256,256,256,256,256,256,256,256,256,0
0,256,256,256,256,256,256,256,256,256,256,256,256,256,256,256,256,256,256,256,256,256,256,256,256,256,256,256,256,256,256,256,256,256,256,256,256,256,256,256,256,256,256,256,256,256,256,256,256,256,256,256,256,256,256,256,256,256,256,256,256,256,256,256,256,256,256,256,256,256,256,256,256,256,256,256,256,256,256,256,256,256,256,256,256,256,256,256,256,256,256,256,256,256,256,256,256,256,256,256,256,256,256,256,256,256,256,256,256,256,256,256,256,256,256,256,256,256,256,256,256,256,256,256,256,256,256,0
0,256,256,256,256,256,256,256,256,256,256,256,256,256,256,256,256,256,256,256,256,256,256,256,256,256,256,256,256,256,256,256,256,256,256,256,256,256,256,256,256,256,256,256,256,256,256,256,256,256,256,256,256,256,256,256,256,256,256,256,256,256,256,256,256,256,256,256,256,256,256,256,256,256,256,256,256,256,256,256,256,256,256,256,256,256,256,256,256,256,256,256,256,256,256,256,256,256,256,256,256,256,256,256,256,256,256,256,256,256,256,256,256,256,256,256,256,256,256,256,256,256,256,256,256,256,256,0
0,256,256,256,256,256,256,256,256,256,256,256,256,256,256,256,256,256,256,256,256,256,256,256,256,256,256,256,256,256,256,256,256,256,256,256,256,256,256,256,256,256,256,256,256,256,256,256,256,256,256,256,256,256,256,256,256,256,256,256,256,256,256,256,256,256,256,256,256,256,256,256,256,256,256,256,256,256,256,256,256,256,256,256,256,256,256,256,256,256,256,256,256,256,256,256,256,256,256,256,256,256,256,256,256,256,256,256,256,256,256,256,256,256,256,256,256,256,256,256,256,256,256,256,256,256,256,0
0,256,256,256,256,256,256,256,256,256,256,256,256,256,256,256,256,256,256,256,256,256,256,256,256,256,256,256,256,256,256,256,256,256,256,256,256,256,256,256,256,256,256,256,256,256,256,256,256,256,256,256,256,256,256,256,256,256,256,256,256,256,256,256,256,256,256,256,256,256,256,256,256,256,256,256,256,256,256,256,256,256,256,256,256,256,256,256,256,256,256,256,256,256,256,256,256,256,256,256,256,256,256,256,256,256,256,256,256,256,256,256,256,256,256,256,256,256,256,256,256,256,256,256,256,256,256,0
0,256,256,256,256,256,256,256,256,256,256,256,256,256,256,256,256,256,256,256,256,256,256,256,256,256,256,256,256,256,256,256,256,256,256,256,256,256,256,256,256,256,256,256,256,256,256,256,256,256,256,256,256,256,256,256,256,256,256,256,256,256,256,256,256,256,256,256,256,256,256,256,256,256,256,256,256,256,256,256,256,256,256,256,256,256,256,256,256,256,256,256,256,256,256,256,256,256,256,256,256,256,256,256,256,256,256,256,256,256,256,256,256,256,256,256,256,256,256,256,256,256,256,256,256,256,256,0
0,256,256,256,256,256,256,256,256,256,256,256,256,256,256,256,256,256,256,256,256,256,256,256,256,256,256,256,256,256,256,256,256,256,256,256,256,256,256,256,256,256,256,256,256,256,256,256,256,256,256,256,256,256,256,256,256,256,256,256,256,256,256,256,256,256,256,256,256,256,256,256,256,256,256,256,256,256,256,256,256,256,256,256,256,256,256,256,256,256,256,256,256,256,256,256,256,256,256,256,256,256,256,256,256,256,256,256,256,256,256,256,256,256,256,256,256,256,256,256,256,256,256,256,256,256,256,0
0,256,256,256,256,256,256,256,256,256,256,256,256,256,256,256,256,256,256,256,256,256,256,256,256,256,256,256,256,256,256,256,256,256,256,256,256,256,256,256,256,256,256,256,256,256,256,256,256,256,256,256,256,256,256,256,256,256,256,256,256,256,256,256,256,256,256,256,256,256,256,256,256,256,256,256,256,256,256,256,256,256,256,256,256,256,256,256,256,256,256,256,256,256,256,256,256,256,256,256,256,256,256,256,256,256,256,256,256,256,256,256,256,256,256,256,256,256,256,256,256,256,256,256,256,256,256,0
0,256,256,256,256,256,256,256,256,256,256,256,256,256,256,256,256,256,256,256,256,256,256,256,256,256,256,256,256,256,256,256,256,256,256,256,256,256,256,256,256,256,256,256,256,256,256,256,256,256,256,256,256,256,256,256,256,256,256,256,256,256,256,256,256,256,256,256,256,256,256,256,256,256,256,256,256,256,256,256,256,256,256,256,256,256,256,256,256,256,256,256,256,256,256,256,256,256,256,256,256,256,256,256,256,256,256,256,256,256,256,256,256,256,256,256,256,256,256,256,256,256,256,256,256,256,256,0
0,256,256,256,256,256,256,256,256,256,256,256,256,256,256,256,256,256,256,256,256,256,256,256,256,256,256,256,256,256,256,256,256,256,256,256,256,256,256,256,256,256,256,256,256,256,256,256,256,256,256,256,256,256,256,256,256,256,256,256,256,256,256,256,256,256,256,256,256,256,256,256,256,256,256,256,256,256,256,256,256,256,256,256,256,256,256,256,256,256,256,256,256,256,256,256,256,256,256,256,256,256,256,256,256,256,256,256,256,256,256,256,256,256,256,256,256,256,256,256,256,256,256,256,256,256,256,0
0,256,256,256,256,256,256,256,256,256,256,256,256,256,256,256,256,256,256,256,256,256,256,256,256,256,256,256,256,256,256,256,256,256,256,256,256,256,256,256,256,256,256,256,256,256,256,256,256,256,256,256,256,256,256,256,256,256,256,256,256,256,256,256,256,256,256,256,256,256,256,256,256,256,256,256,256,256,256,256,256,256,256,256,256,256,256,256,256,256,256,256,256,256,256,256,256,256,256,256,256,256,256,256,256,256,256,256,256,256,256,256,256,256,256,256,256,256,256,256,256,256,256,256,256,256,256,0
0,256,256,256,256,256,256,256,256,256,256,256,256,256,256,256,256,256,256,256,256,256,256,256,256,256,256,256,256,256,256,256,256,256,256,256,256,256,256,256,256,256,256,256,256,256,256,256,256,256,256,256,256,256,256,256,256,256,256,256,256,256,256,256,256,256,256,256,256,256,256,256,256,256,256,256,256,256,256,256,256,256,256,256,256,256,256,256,256,256,256,256,256,256,256,256,256,256,256,256,256,256,256,256,256,256,256,256,256,256,256,256,256,256,256,256,256,256,256,256,256,256,256,256,256,256,256,0
0,256,256,256,256,256,256,256,256,256,256,256,256,256,256,256,256,256,256,256,256,256,256,256,256,256,256,256,256,256,256,256,256,256,256,256,256,256,256,256,256,256,256,256,256,256,256,256,256,256,256,256,256,256,256,256,256,256,256,256,256,256,256,256,256,256,256,256,256,256,256,256,256,256,256,256,256,256,256,256,256,256,256,256,256,256,256,256,256,256,256,256,256,256,256,256,256,256,256,256,256,256,256,256,256,256,256,256,256,256,256,256,256,256,256,256,256,256,256,256,256,256,256,256,256,256,256,0
0,256,256,256,256,256,256,256,256,256,256,256,256,256,256,256,256,256,256,256,256,256,256,256,256,256,256,256,256,256,256,256,256,256,256,256,256,256,256,256,256,256,256,256,256,256,256,256,256,256,256,256,256,256,256,256,256,256,256,256,256,256,256,256,256,256,256,256,256,256,256,256,256,256,256,256,256,256,256,256,256,256,256,256,256,256,256,256,256,256,256,256,256,256,256,256,256,256,256,256,256,256,256,256,256,256,256,256,256,256,256,256,256,256,256,256,256,256,256,256,256,256,256,256,256,256,256,0
0,256,256,256,256,256,256,256,256,256,256,256,256,256,256,256,256,256,256,256,256,256,256,256,256,256,256,256,256,256,256,256,256,256,256,256,256,256,256,256,256,256,256,256,256,256,256,256,256,256,256,256,256,256,256,256,256,256,256,256,256,256,256,256,256,256,256,256,256,256,256,256,256,256,256,256,256,256,256,256,256,256,256,256,256,256,256,256,256,256,256,256,256,256,256,256,256,256,256,256,256,256,256,256,256,256,256,256,256,256,256,256,256,256,256,256,256,256,256,256,256,256,256,256,256,256,256,0
0,256,256,256,256,256,256,256,256,256,256,256,256,256,256,256,256,256,256,256,256,256,256,256,256,256,256,256,256,256,256,256,256,256,256,256,256,256,256,256,256,256,256,256,256,256,256,256,256,256,256,256,256,256,256,256,256,256,256,256,256,256,256,256,256,256,256,256,256,256,256,256,256,256,256,256,256,256,256,256,256,256,256,256,256,256,256,256,256,256,256,256,256,256,256,256,256,256,256,256,256,256,256,256,256,256,256,256,256,256,256,256,256,256,256,256,256,256,256,256,256,256,256,256,256,256,256,0
0,256,256,256,256,256,256,256,256,256,256,256,256,256,256,256,256,256,256,256,256,256,256,256,256,256,256,256,256,256,256,256,256,256,256,256,256,256,256,256,256,256,256,256,256,256,256,256,256,256,256,256,256,256,256,256,256,256,256,256,256,256,256,256,256,256,256,256,256,256,256,256,256,256,256,256,256,256,256,256,256,256,256,256,256,256,256,256,256,256,256,256,256,256,256,256,256,256,256,256,256,256,256,256,256,256,256,256,256,256,256,256,256,256,256,256,256,256,256,256,256,256,256,256,256,256,256,0
0,256,256,256,256,256,256,256,256,256,256,256,256,256,256,256,256,256,256,256,256,256,256,256,256,256,256,256,256,256,256,256,256,256,256,256,256,256,256,256,256,256,256,256,256,256,256,256,256,256,256,256,256,256,256,256,256,256,256,256,256,256,256,256,256,256,256,256,256,256,256,256,256,256,256,256,256,256,256,256,256,256,256,256,256,256,256,256,256,256,256,256,256,256,256,256,256,256,256,256,256,256,256,256,256,256,256,256,256,256,256,256,256,256,256,256,256,256,256,256,256,256,256,256,256,256,256,0
0,256,256,256,256,256,256,256,256,256,256,256,256,256,256,256,256,256,256,256,256,256,256,256,294,366,366,366,366,366,366,366,366,366,366,366,366,330,256,294,366,366,366,366,330,256,256,256,256,256,256,256,256,256,256,256,256,256,256,256,256,256,256,256,256,256,256,256,256,256,256,256,256,256,256,256,256,256,256,256,256,256,256,256,256,256,256,256,256,256,256,256,256,256,256,256,256,256,256,256,256,256,256,256,256,256,256,256,256,256,256,256,256,256,256,256,256,256,256,256,256,256,256,256,256,256,256,0
0,256,256,256,256,256,256,256,256,256,256,256,256,256,256,256,256,256,256,256,256,256,256,256,311,511,511,511,511,511,511,511,511,511,511,511,511,459,256,311,511,511,511,511,459,256,256,256,256,256,256,256,256,256,256,256,256,256,256,256,256,256,256,256,256,256,256,256,256,256,256,256,256,256,256,256,256,256,256,256,256,256,256,256,256,256,256,256,256,256,256,256,256,256,256,256,256,256,256,256,256,256,256,256,256,256,256,256,256,256,256,256,256,256,256,256,256,256,256,256,256,256,256,256,256,256,256,0
0,256,256,256,256,256,256,256,256,256,256,256,256,256,256,256,256,256,256,256,256,256,256,256,311,511,511,511,511,511,479,509,447,511,511,511,511,459,256,311,511,511,511,511,459,256,256,256,256,256,256,256,256,256,256,256,256,256,256,256,256,256,256,256,256,256,256,256,256,256,256,256,256,256,256,256,256,256,256,256,256,256,256,256,256,256,256,256,256,256,256,256,256,256,256,256,256,256,256,256,256,256,256,256,256,256,256,256,256,256,256,256,256,256,256,256,256,256,256,256,256,256,256,256,256,256,256,0
0,256,256,256,256,256,256,256,256,256,256,256,256,256,256,256,256,256,256,256,256,256,256,256,311,511,511,511,511,511,475,256,439,511,511,511,479,457,256,309,447,511,511,511,459,256,256,256,256,256,256,256,256,256,256,256,256,256,256,256,256,256,256,256,256,256,256,256,256,256,256,256,256,256,256,256,256,256,256,256,358,362,256,256,358,366,362,256,256,256,256,358,366,362,256,256,256,358,366,366,362,256,256,256,256,358,366,362,256,256,358,330,256,256,256,256,256,256,256,256,256,256,256,256,256,256,256,0
0,256,256,256,256,256,256,256,256,256,256,256,256,256,256,256,256,256,256,256,256,256,256,256,311,511,511,511,511,511,459,256,311,511,511,511,475,256,256,256,439,511,511,511,459,256,256,256,256,256,256,256,256,256,256,256,256,256,256,256,256,256,256,256,256,256,256,256,256,256,256,256,256,256,256,256,256,256,256,310,383,495,494,382,383,511,495,494,366,366,382,383,511,495,494,366,382,383,511,511,495,494,366,366,382,383,511,495,494,382,351,457,256,256,256,256,256,256,256,256,256,256,256,256,256,256,256,0
0,256,256,256,256,256,256,256,256,256,256,256,256,256,256,256,256,256,256,256,256,256,256,256,311,511,511,479,477,413,393,256,277,413,445,447,491,256,256,256,375,511,511,511,459,256,256,256,256,256,256,256,256,256,256,256,256,256,256,256,256,256,256,256,256,256,256,256,256,256,256,256,256,256,256,256,256,256,256,311,511,511,511,511,511,511,511,511,511,511,511,511,511,511,511,511,511,511,511,511,511,511,511,511,511,511,511,511,511,511,475,256,256,256,256,256,256,256,256,256,256,256,256,256,256,256,256,0
0,256,256,256,256,256,256,256,256,256,256,256,256,256,256,256,256,256,256,256,256,256,256,256,311,511,511,507,256,256,256,256,256,256,256,503,495,1262,1134,1150,383,511,511,511,459,256,256,256,256,256,256,256,256,256,256,256,256,256,256,256,256,256,256,256,256,256,256,256,256,256,256,256,256,256,256,256,256,256,256,311,511,511,511,511,511,511,511,511,511,511,511,511,511,511,511,511,511,511,511,511,511,511,511,511,511,511,511,511,511,511,491,256,256,256,256,256,256,256,256,256,256,256,256,256,256,256,256,0
0,256,256,256,256,256,256,256,256,256,256,256,256,256,256,256,256,256,256,256,256,256,256,256,311,511,511,495,494,366,330,256,294,366,382,383,479,1245,1181,1213,447,511,511,511,491,256,358,366,366,366,366,366,366,366,366,366,366,366,366,362,256,358,366,366,362,256,256,256,256,256,256,256,256,256,358,366,366,330,256,309,447,511,511,511,511,511,511,511,511,511,511,511,511,511,511,511,511,511,511,511,511,511,511,511,511,511,511,511,511,511,495,458,256,256,256,256,256,256,256,256,256,256,256,256,256,256,256,0
0,256,256,256,256,256,256,256,256,256,256,256,256,256,256,256,256,256,256,256,256,256,256,256,311,511,511,511,511,511,459,256,311,511,511,511,475,1024,1024,1024,439,511,479,509,431,510,383,511,511,511,511,511,511,511,511,511,511,511,511,495,510,383,511,511,495,462,364,302,366,366,366,334,364,318,383,511,479,457,256,256,439,511,511,511,511,511,511,511,511,511,511,511,511,511,511,511,511,511,511,511,511,511,511,511,511,511,511,511,511,511,511,459,256,256,256,256,256,256,256,256,256,256,256,256,256,256,256,0
0,256,256,256,256,256,256,256,256,256,256,256,256,256,256,256,256,256,256,256,256,256,256,256,311,511,511,511,511,511,491,256,375,511,511,511,459,256,256,256,375,479,473,512,437,447,511,511,511,511,511,511,511,511,511,511,511,511,511,511,511,511,511,511,511,507,256,503,511,511,511,507,256,503,511,511,507,256,256,256,311,511,511,511,511,511,511,511,511,511,511,479,509,447,511,511,511,511,511,511,511,511,511,511,511,511,511,511,511,511,511,459,256,256,256,256,256,256,256,256,256,256,256,256,256,256,256,0
0,256,256,256,256,256,256,256,256,256,256,256,256,256,256,256,256,256,256,256,256,256,256,256,311,511,511,511,511,511,495,510,383,511,511,511,491,256,256,310,383,507,512,512,512,503,511,511,511,511,511,511,511,511,511,511,511,511,511,511,511,511,511,511,511,495,510,383,511,511,511,495,510,383,511,511,463,456,256,256,375,511,511,511,511,511,511,511,511,511,479,473,512,437,447,511,511,511,511,511,511,511,511,511,511,511,511,511,511,511,479,457,256,256,256,256,256,256,256,256,256,256,256,256,256,256,256,0
0,256,256,256,256,256,256,256,256,256,256,256,256,256,256,256,256,256,256,256,256,256,256,256,311,511,511,511,511,511,511,511,511,511,511,511,495,458,256,311,511,495,746,512,630,383,511,511,511,511,511,511,511,511,511,511,511,511,511,511,511,511,511,511,511,511,511,511,511,511,511,511,511,511,511,511,475,256,256,310,383,511,511,511,511,511,511,511,511,511,507,512,512,512,503,511,511,511,511,511,511,511,511,511,511,511,511,511,511,511,475,256,256,256,256,256,256,256,256,256,256,256,256,256,256,256,256,0
0,256,256,256,256,256,256,256,256,256,256,256,256,256,256,256,256,256,256,256,256,256,256,256,311,511,511,511,479,509,447,479,477,445,447,511,511,459,256,311,511,511,495,766,351,509,447,511,511,511,511,511,511,511,511,511,511,511,511,479,509,447,511,511,511,511,511,511,479,509,447,511,511,511,511,511,459,256,256,311,511,511,511,511,511,511,511,511,511,511,495,746,512,630,383,511,511,511,511,511,511,511,479,509,447,511,511,511,511,511,459,256,256,256,256,256,256,256,256,256,256,256,256,256,256,256,256,0
0,256,256,256,256,256,256,256,256,256,256,256,256,256,256,256,256,256,256,256,256,256,256,256,277,413,413,413,409,256,1207,1243,256,256,405,413,413,393,256,311,511,511,511,511,475,256,405,413,413,413,413,413,413,413,413,413,413,413,413,409,256,439,511,511,511,511,511,479,473,512,437,447,511,511,511,511,491,256,256,311,511,511,511,511,511,511,511,511,511,511,511,463,764,319,511,511,511,511,511,479,509,415,473,512,437,447,511,511,511,511,459,256,256,256,256,256,256,256,256,256,256,256,256,256,256,256,256,0
0,256,256,256,256,256,256,256,256,256,256,256,256,256,256,256,256,256,256,256,256,256,256,256,256,256,256,256,256,256,1079,1227,256,256,256,256,256,256,256,375,511,511,511,511,459,256,256,256,256,256,256,256,256,256,256,256,256,256,256,256,256,311,511,511,511,511,511,507,512,512,512,503,511,511,479,477,397,392,256,277,413,445,447,511,511,511,511,511,511,511,511,507,256,405,413,413,413,413,413,409,256,499,512,512,512,503,511,511,511,511,491,256,256,256,256,256,256,256,256,256,256,256,256,256,256,256,256,0
0,256,256,256,256,256,256,256,256,256,256,256,256,256,256,256,256,256,256,256,256,256,256,256,294,366,362,256,256,256,1143,1259,256,256,358,366,366,366,382,383,511,511,511,511,459,256,256,256,256,256,256,256,256,256,256,256,256,256,256,256,256,311,511,511,511,511,511,495,746,512,630,383,511,511,507,256,256,256,256,256,256,256,503,511,511,511,511,511,511,511,511,495,458,256,256,256,256,256,256,256,310,367,746,512,630,383,511,511,511,511,495,458,256,256,256,256,256,256,256,256,256,256,256,256,256,256,256,0
0,256,256,256,256,256,256,256,256,256,256,256,256,256,256,256,256,256,256,256,256,256,256,256,311,511,495,494,366,382,1151,1263,494,382,383,511,511,511,511,511,511,511,511,511,459,256,256,256,256,256,256,256,256,256,256,256,256,256,256,256,256,311,511,511,511,511,511,511,495,766,383,511,511,511,495,494,362,256,256,358,366,382,383,511,511,511,511,511,511,511,511,511,459,256,256,256,256,256,256,256,311,511,495,766,383,511,511,511,511,511,479,457,256,256,256,256,256,256,256,256,256,256,256,256,256,256,256,0
0,256,256,256,256,256,256,256,256,256,256,256,256,256,256,256,256,256,256,256,256,256,256,256,311,511,511,511,511,511,511,511,511,511,511,511,511,511,511,511,511,511,511,511,459,256,256,256,256,256,256,256,256,256,256,256,256,256,256,256,256,309,447,511,511,511,511,511,511,511,511,511,511,511,511,511,495,494,382,383,511,511,511,511,511,511,511,511,511,511,511,511,459,256,256,256,256,256,256,256,311,511,511,511,511,511,511,511,511,511,475,256,256,256,256,256,256,256,256,256,256,256,256,256,256,256,256,0
0,256,256,256,256,256,256,256,256,256,256,256,256,256,256,256,256,256,256,256,256,256,256,256,311,511,511,511,511,511,511,511,511,511,511,511,511,511,511,511,511,511,511,511,459,256,256,256,256,256,256,256,256,256,256,256,256,256,256,256,256,256,439,511,511,511,511,511,479,509,447,511,511,511,511,511,511,511,511,511,511,511,511,511,511,511,511,511,511,511,511,511,459,256,256,256,256,256,256,256,311,511,511,511,511,511,511,511,511,511,459,256,256,256,256,256,256,256,256,256,256,256,256,256,256,256,256,0
0,256,256,256,256,256,256,256,256,256,256,256,256,256,256,256,256,256,256,256,256,256,256,256,309,447,511,511,511,511,511,511,511,511,511,511,511,511,511,511,511,511,511,511,459,256,256,256,256,256,256,256,256,256,256,256,256,256,256,256,256,256,311,511,511,511,511,511,507,256,503,511,511,511,511,511,511,511,511,511,511,511,511,511,511,511,511,511,511,511,511,511,459,256,256,256,256,256,256,256,311,511,511,511,511,511,511,511,511,511,459,256,256,256,256,256,256,256,256,256,256,256,256,256,256,256,256,0
0,256,256,256,256,256,256,256,256,256,256,256,256,256,256,256,256,256,256,256,256,256,256,256,256,405,413,413,413,413,413,445,447,511,511,511,479,477,413,413,413,413,413,413,393,256,256,256,256,256,256,256,256,256,256,256,256,256,256,256,256,256,311,511,511,511,511,511,495,510,383,511,511,511,511,511,511,511,511,511,511,511,511,511,511,511,511,511,511,511,511,511,459,256,256,256,256,256,256,256,311,511,511,511,511,511,511,511,511,511,491,256,256,256,256,256,256,256,256,256,256,256,256,256,256,256,256,0
0,256,256,256,256,256,256,256,256,256,256,256,256,256,256,256,256,256,256,256,256,256,256,256,256,256,256,256,256,256,256,256,503,511,511,511,507,256,256,256,256,256,256,256,256,256,256,256,256,256,256,256,256,256,256,256,256,256,256,256,256,256,311,511,511,511,511,511,511,511,511,511,511,511,511,511,479,477,445,447,511,511,511,511,511,511,511,511,511,511,511,479,457,256,256,256,256,256,256,256,309,447,511,511,511,511,511,511,511,511,495,458,256,256,256,256,256,256,256,256,256,256,256,256,256,256,256,0
0,256,256,256,256,256,256,256,256,256,256,256,256,256,256,256,256,256,256,256,256,256,256,256,256,256,256,256,256,256,256,310,383,511,511,511,495,458,256,256,256,256,256,256,256,256,256,256,256,256,256,256,256,256,256,256,256,256,256,256,256,256,311,511,511,511,511,511,511,511,511,511,511,511,479,477,409,256,256,405,413,445,447,511,511,511,511,511,511,511,511,507,256,358,366,366,366,366,366,362,256,503,511,511,511,511,511,511,511,511,511,459,256,256,256,256,256,256,256,256,256,256,256,256,256,256,256,0
0,256,256,256,256,256,256,256,256,256,256,256,256,256,256,256,256,256,256,256,256,256,256,256,256,256,256,256,256,256,256,311,511,511,511,511,511,459,256,256,256,256,256,256,256,256,256,256,256,256,256,256,256,256,256,256,256,256,256,256,256,256,311,511,511,511,511,511,511,511,511,511,511,511,507,256,256,256,256,256,256,256,503,511,511,511,511,511,511,511,511,495,510,383,511,511,511,511,511,495,510,383,511,511,511,511,511,511,511,511,479,457,256,256,256,256,256,256,256,256,256,256,256,256,256,256,256,0
0,256,256,256,256,256,256,256,256,256,256,256,256,256,256,256,256,256,256,256,256,256,256,256,256,256,256,256,256,256,256,311,511,511,511,511,511,459,256,256,256,256,256,256,256,256,256,256,256,256,256,256,256,256,256,256,256,256,256,256,256,256,375,511,511,511,511,511,511,511,511,511,511,511,495,494,334,328,256,294,366,382,383,511,511,511,511,511,511,511,511,511,511,511,511,511,511,511,511,511,511,511,511,511,511,511,511,511,511,511,475,256,256,256,256,256,256,256,256,256,256,256,256,256,256,256,256,0
0,256,256,256,256,256,256,256,256,256,256,256,256,256,256,256,256,256,256,256,256,256,256,256,256,256,256,256,256,256,256,311,511,511,511,511,511,459,256,256,256,256,256,256,256,256,256,256,256,256,256,256,256,256,256,256,256,256,256,256,256,310,383,511,511,511,511,511,511,511,511,511,511,511,511,511,475,256,256,311,511,511,511,511,511,511,511,511,511,511,511,511,511,511,511,511,479,509,447,511,511,511,511,511,511,511,511,511,511,511,459,256,256,256,256,256,256,256,256,256,256,256,256,256,256,256,256,0
0,256,256,256,256,256,256,256,256,256,256,256,256,256,256,256,256,256,256,256,256,256,256,256,256,256,256,256,256,256,256,311,511,511,511,511,511,459,256,256,256,256,256,256,256,256,256,256,256,256,256,256,256,256,256,256,256,256,256,256,256,311,511,511,511,511,511,511,511,511,511,511,511,511,511,511,459,256,256,311,511,511,511,511,511,511,511,511,511,511,511,511,511,511,511,479,473,512,437,447,511,511,511,511,511,511,511,511,511,511,459,256,256,256,256,256,256,256,256,256,256,256,256,256,256,256,256,0
0,256,256,256,256,256,256,256,256,256,256,256,256,256,256,256,256,256,256,256,256,256,256,256,256,256,256,256,256,256,256,311,511,511,511,511,511,459,256,256,256,256,256,256,256,256,256,256,256,256,256,256,256,256,256,256,256,256,256,256,256,311,511,511,511,511,511,511,511,511,511,511,511,511,511,511,491,256,256,309,447,511,511,511,511,511,511,511,511,511,511,511,511,511,511,507,512,512,512,503,511,511,511,511,511,511,511,511,511,511,491,256,256,256,256,256,256,256,256,256,256,256,256,256,256,256,256,0
0,256,256,256,256,256,256,256,256,256,256,256,256,256,256,256,256,256,256,256,256,256,256,256,256,256,256,256,256,256,256,311,511,511,511,511,511,459,256,256,256,256,256,256,256,256,256,256,256,256,256,256,256,256,256,256,256,256,256,256,256,311,511,511,511,511,511,511,511,511,511,511,511,511,511,511,463,456,256,256,439,511,511,511,511,511,511,511,511,511,511,511,511,511,511,495,746,512,630,383,511,511,511,511,511,511,511,511,511,511,495,458,256,256,256,256,256,256,256,256,256,256,256,256,256,256,256,0
0,256,256,256,256,256,256,256,256,256,256,256,256,256,256,256,256,256,256,256,256,256,256,256,256,256,256,256,256,256,256,311,511,511,511,511,511,459,256,256,256,256,256,256,256,256,256,256,256,256,256,256,256,256,256,256,256,256,256,256,256,311,511,511,511,511,511,511,511,511,511,511,511,511,511,511,507,256,256,256,311,511,511,511,511,511,511,511,511,511,511,511,511,511,511,511,495,766,383,511,511,511,511,511,511,511,511,511,511,511,511,459,256,256,256,256,256,256,256,256,256,256,256,256,256,256,256,0
0,256,256,256,256,256,256,256,256,256,256,256,256,256,256,256,256,256,256,256,256,256,256,256,256,256,256,256,256,256,256,311,511,511,511,511,511,459,256,256,256,256,256,256,256,256,256,256,256,256,256,256,256,256,256,256,256,256,256,256,256,311,511,511,511,511,479,477,413,413,413,445,447,511,511,511,495,458,256,256,375,511,511,511,511,511,511,511,511,511,511,511,511,511,511,511,511,511,511,511,511,511,511,511,511,511,511,511,511,511,479,457,256,256,256,256,256,256,256,256,256,256,256,256,256,256,256,0
0,256,256,256,256,256,256,256,256,256,256,256,256,256,256,256,256,256,256,256,256,256,256,256,256,256,256,256,256,256,256,311,511,511,511,511,511,459,256,256,256,256,256,256,256,256,256,256,256,256,256,256,256,256,256,256,256,256,256,256,256,277,413,413,413,413,409,256,256,256,256,256,405,413,413,413,413,393,256,310,383,511,511,511,511,511,511,511,511,511,511,511,511,511,511,511,511,511,511,511,511,511,511,511,511,511,511,511,511,511,475,256,256,256,256,256,256,256,256,256,256,256,256,256,256,256,256,0
0,256,256,256,256,256,256,256,256,256,256,256,256,256,256,256,256,256,256,256,256,256,256,256,256,256,256,256,256,256,256,311,511,511,511,511,511,459,256,256,256,256,256,256,256,256,256,256,256,256,256,256,256,256,256,256,256,256,256,256,256,256,256,256,256,256,256,256,256,256,256,256,256,256,256,256,256,256,256,311,511,511,511,511,511,511,511,511,511,511,479,509,447,511,511,511,511,511,479,509,447,511,511,511,511,511,511,511,511,511,491,256,256,256,256,256,256,256,256,256,256,256,256,256,256,256,256,0
0,256,256,256,256,256,256,256,256,256,256,256,256,256,256,256,256,256,256,256,256,256,256,256,256,256,256,256,256,256,256,311,511,511,511,511,511,459,256,256,256,256,256,256,256,256,256,256,256,256,256,256,256,256,256,256,256,256,256,256,256,256,256,256,256,256,256,256,256,256,256,256,256,256,256,256,256,256,256,311,511,511,511,511,511,511,511,511,511,511,475,256,439,511,511,511,511,511,475,256,439,511,511,511,511,511,511,511,511,511,495,458,256,256,256,256,256,256,256,256,256,256,256,256,256,256,256,0
0,256,256,256,256,256,256,256,256,256,256,256,256,256,256,256,256,256,256,256,256,256,256,256,256,256,256,256,256,256,256,311,511,511,511,511,511,459,256,256,256,256,256,256,256,256,256,256,256,256,256,256,256,256,256,256,256,256,256,256,256,256,256,256,256,256,256,256,256,256,256,256,256,256,256,256,256,256,256,309,447,511,511,479,477,413,445,447,511,511,459,256,311,511,511,511,511,511,459,256,311,511,511,479,477,413,445,447,511,511,511,459,256,256,256,256,256,256,256,256,256,256,256,256,256,256,256,0
0,256,256,256,256,256,256,256,256,256,256,256,256,256,256,256,256,256,256,256,256,256,256,256,256,256,256,256,256,256,256,311,511,511,511,511,511,459,256,256,256,256,256,256,256,256,256,256,256,256,256,256,256,256,256,256,256,256,256,256,256,256,256,256,256,256,256,256,256,256,256,256,256,256,256,256,256,256,256,256,405,413,413,409,256,256,256,405,413,413,393,256,309,447,511,511,511,479,457,256,277,413,413,409,256,256,256,405,413,413,413,393,256,256,256,256,256,256,256,256,256,256,256,256,256,256,256,0
0,256,256,256,256,256,256,256,256,256,256,256,256,256,256,256,256,256,256,256,256,256,256,256,256,256,256,256,256,256,256,311,511,511,511,511,511,491,256,256,256,256,256,256,256,256,256,256,256,256,256,256,256,256,256,256,256,256,256,256,256,256,256,256,256,256,256,256,256,256,256,256,256,256,256,256,256,256,256,256,256,256,256,256,256,256,256,256,256,256,256,256,256,503,511,511,511,507,256,256,256,256,256,256,256,256,256,256,256,256,256,256,256,256,256,256,256,256,256,256,256,256,256,256,256,256,256,0
0,256,256,256,256,256,256,256,256,256,256,256,256,256,256,256,256,256,256,256,256,256,256,256,256,256,256,256,256,256,256,311,511,511,511,511,511,495,494,366,362,256,256,256,256,256,256,256,256,358,366,366,366,366,366,330,256,256,256,256,256,256,256,256,256,256,256,256,256,256,256,256,256,256,256,256,256,256,256,256,256,256,256,294,366,366,362,256,256,256,322,256,310,383,511,511,511,495,458,256,256,256,256,256,358,366,366,330,256,256,256,256,256,256,256,256,256,256,256,256,256,256,256,256,256,256,256,0
0,256,256,256,256,256,256,256,256,256,256,256,256,256,256,256,256,256,256,256,256,256,256,256,256,256,256,256,256,256,256,311,511,511,511,511,511,511,511,511,463,492,302,366,366,366,334,364,318,383,511,511,511,511,511,459,256,256,256,256,256,256,256,256,256,256,256,256,256,256,256,256,256,256,256,256,256,256,256,256,256,256,256,311,511,511,495,494,366,382,331,256,311,511,511,511,511,511,459,256,294,366,366,382,383,511,511,459,256,256,256,256,256,256,256,256,256,256,256,256,256,256,256,256,256,256,256,0
0,256,256,256,256,256,256,256,256,256,256,256,256,256,256,256,256,256,256,256,256,256,256,256,256,256,256,256,256,256,256,311,511,511,511,511,511,511,511,511,507,256,503,511,511,511,507,256,503,511,511,511,511,511,511,459,256,256,256,256,256,256,256,256,256,256,256,256,256,256,256,256,256,256,256,256,256,256,256,256,256,256,256,311,511,511,511,511,511,511,491,256,375,511,511,511,511,511,491,256,375,511,511,511,511,511,511,459,256,256,256,256,256,256,256,256,256,256,256,256,256,256,256,256,256,256,256,0
0,256,256,256,256,256,256,256,256,256,256,256,256,256,256,256,256,256,256,256,256,256,256,256,256,256,256,256,256,256,256,311,511,511,511,511,511,511,511,511,495,510,383,511,511,511,495,510,383,511,511,511,511,511,479,457,256,256,256,256,256,256,256,256,256,256,256,256,256,256,256,256,256,256,256,256,256,256,256,256,256,256,256,311,511,511,511,511,511,511,495,510,383,511,511,511,511,511,495,510,383,511,511,511,511,511,479,457,256,256,256,256,256,256,256,256,256,256,256,256,256,256,256,256,256,256,256,0
0,256,256,256,256,256,256,256,256,256,256,256,256,256,256,256,256,256,256,256,256,256,256,256,256,256,256,256,256,256,256,311,511,511,511,479,509,447,511,511,511,511,511,511,511,511,511,511,511,511,511,511,479,509,411,256,256,256,256,256,256,256,256,256,256,256,256,256,256,256,256,256,256,256,256,256,256,256,256,256,256,256,256,311,511,511,511,511,511,511,511,511,511,511,511,511,511,511,511,511,511,511,511,511,479,509,411,256,256,256,256,256,256,256,256,256,256,256,256,256,256,256,256,256,256,256,256,0
0,256,256,256,256,256,256,256,256,256,256,256,256,256,256,256,256,256,256,256,256,256,256,256,256,256,256,256,256,256,256,309,447,511,479,473,512,437,447,511,511,511,511,511,511,511,511,511,511,511,511,511,507,256,451,256,256,256,256,256,256,256,256,256,256,256,256,256,256,256,256,256,256,256,256,256,256,256,256,256,256,256,256,309,447,511,511,511,479,509,447,511,511,511,511,511,511,511,511,511,511,511,511,511,507,256,451,256,256,256,256,256,256,256,256,256,256,256,256,256,256,256,256,256,256,256,256,0
0,256,256,256,256,256,256,256,256,256,256,256,256,256,256,256,256,256,256,256,256,256,256,256,256,256,256,256,256,256,256,256,439,511,507,512,512,512,503,511,511,511,511,511,511,511,511,511,511,511,511,511,495,510,331,256,256,256,256,256,256,256,256,256,256,256,256,256,256,256,256,256,256,256,256,256,256,256,256,256,256,256,256,256,439,511,511,479,473,512,437,447,511,511,511,511,511,511,511,511,511,511,511,511,495,510,331,256,256,256,256,256,256,256,256,256,256,256,256,256,256,256,256,256,256,256,256,0
0,256,256,256,256,256,256,256,256,256,256,256,256,256,256,256,256,256,256,256,256,256,256,256,256,256,256,256,256,256,256,256,311,511,495,746,512,630,383,511,511,511,511,511,511,511,511,511,511,511,511,511,511,511,459,256,256,256,256,256,256,256,256,256,256,256,256,256,256,256,256,256,256,256,256,256,256,256,256,256,256,256,256,256,311,511,511,507,512,512,512,503,511,511,511,511,511,511,511,511,511,511,511,511,511,511,459,256,256,256,256,256,256,256,256,256,256,256,256,256,256,256,256,256,256,256,256,0
0,256,256,256,256,256,256,256,256,256,256,256,256,256,256,256,256,256,256,256,256,256,256,256,256,256,256,256,256,256,256,256,311,511,511,495,766,383,511,511,511,511,511,511,511,511,511,511,511,511,511,511,511,511,459,256,256,256,256,256,256,256,256,256,256,256,256,256,256,256,256,256,256,256,256,256,256,256,256,256,256,256,256,256,311,511,511,495,746,512,630,383,511,511,511,511,511,511,511,511,511,511,511,511,511,511,459,256,256,256,256,256,256,256,256,256,256,256,256,256,256,256,256,256,256,256,256,0
0,256,256,256,256,256,256,256,256,256,256,256,256,256,256,256,256,256,256,256,256,256,256,256,256,256,256,256,256,256,256,256,311,511,511,511,511,511,511,511,511,511,511,511,511,511,511,511,511,511,511,511,511,511,459,256,256,256,256,256,256,256,256,256,256,256,256,256,256,256,256,256,256,256,256,256,256,256,256,256,256,256,256,256,311,511,511,511,495,766,383,511,511,511,511,511,511,511,511,511,511,511,511,511,511,511,459,256,256,256,256,256,256,256,256,256,256,256,256,256,256,256,256,256,256,256,256,0
0,256,256,256,256,256,256,256,256,256,256,256,256,256,256,256,256,256,256,256,256,256,256,256,256,256,256,256,256,256,256,256,375,511,511,511,511,511,511,511,511,511,511,511,511,511,511,511,511,511,511,511,479,509,395,256,256,256,256,256,256,256,256,256,256,256,256,256,256,256,256,256,256,256,256,256,256,256,256,256,256,256,256,256,375,511,511,511,511,511,511,511,511,511,511,511,511,511,511,511,511,511,511,511,479,509,395,256,256,256,256,256,256,256,256,256,256,256,256,256,256,256,256,256,256,256,256,0
0,256,256,256,256,256,256,256,256,256,256,256,256,256,256,256,256,256,256,256,256,256,256,256,256,256,256,256,256,256,256,310,383,511,511,511,511,511,511,511,511,511,511,511,511,511,511,511,511,511,511,511,507,256,451,256,256,256,256,256,256,256,256,256,256,256,256,256,256,256,256,256,256,256,256,256,256,256,256,256,256,256,256,310,383,511,511,511,511,511,511,511,511,511,511,511,511,511,511,511,511,511,511,511,507,256,483,256,256,256,256,256,256,256,256,256,256,256,256,256,256,256,256,256,256,256,256,0
0,256,256,256,256,256,256,256,256,256,256,256,256,256,256,256,256,256,256,256,256,256,256,256,256,256,256,256,256,256,256,311,511,511,511,511,511,511,511,511,511,511,511,511,511,511,511,511,511,511,511,511,495,510,363,256,256,256,256,256,256,256,256,256,256,256,256,256,256,256,256,256,256,256,256,256,256,256,256,256,256,256,256,311,511,511,511,511,511,511,511,511,511,511,511,511,511,511,511,511,511,511,511,511,495,510,367,458,256,256,256,256,256,256,256,256,256,256,256,256,256,256,256,256,256,256,256,0
0,256,256,256,256,256,256,256,256,256,256,256,256,256,256,256,256,256,256,256,256,256,256,256,256,256,256,256,256,256,256,311,511,511,511,511,511,511,479,509,447,511,511,511,511,511,479,509,447,511,511,511,511,511,495,458,256,256,256,256,256,256,256,256,256,256,256,256,256,256,256,256,256,256,256,256,256,256,256,256,256,256,256,311,511,511,511,511,511,511,511,511,511,511,511,511,511,511,511,511,511,511,511,511,511,511,511,459,256,256,256,256,256,256,256,256,256,256,256,256,256,256,256,256,256,256,256,0
0,256,256,256,256,256,256,256,256,256,256,256,256,256,256,256,256,256,256,256,256,256,256,256,256,256,256,256,256,256,256,311,511,511,511,511,511,511,475,256,439,511,511,511,511,511,475,256,439,511,511,511,511,511,511,459,256,256,256,256,256,256,256,256,256,256,256,256,256,256,256,256,256,256,256,256,256,256,256,256,256,256,256,311,511,511,511,511,511,511,511,511,511,511,511,511,511,511,511,511,511,511,511,511,511,511,511,459,256,256,256,256,256,256,256,256,256,256,256,256,256,256,256,256,256,256,256,0
0,256,256,256,256,256,256,256,256,256,256,256,256,256,256,256,256,256,256,256,256,256,256,256,256,256,256,256,256,256,256,311,511,511,511,511,511,511,459,256,311,511,511,511,511,511,459,256,311,511,511,511,511,511,511,459,256,256,256,256,256,256,256,256,256,256,256,256,256,256,256,256,256,256,256,256,256,256,256,256,256,256,256,311,511,511,511,511,511,511,511,479,477,413,413,445,447,511,511,511,511,511,511,511,511,511,511,459,256,256,256,256,256,256,256,256,256,256,256,256,256,256,256,256,256,256,256,0
0,256,256,256,256,256,256,256,256,256,256,256,256,256,256,256,256,256,256,256,256,256,256,256,256,256,256,256,256,256,256,277,413,413,413,413,413,413,393,256,309,447,511,511,511,479,457,256,277,413,413,413,413,413,413,393,256,256,256,256,256,256,256,256,256,256,256,256,256,256,256,256,256,256,256,256,256,256,256,256,256,256,256,277,413,413,413,413,413,413,413,409,256,256,256,256,405,413,413,413,413,445,447,511,511,511,479,457,256,256,256,256,256,256,256,256,256,256,256,256,256,256,256,256,256,256,256,0
0,256,256,256,256,256,256,256,256,256,256,256,256,256,256,256,256,256,256,256,256,256,256,256,256,256,256,256,256,256,256,256,256,256,256,256,256,256,256,256,256,503,511,511,511,507,256,256,256,256,256,256,256,256,256,256,256,256,256,256,256,256,256,256,256,256,256,256,256,256,256,256,256,256,256,256,256,256,256,256,256,256,256,256,256,256,256,256,256,256,256,256,256,256,256,256,256,256,256,256,256,256,503,511,511,511,507,256,256,256,256,256,256,256,256,256,256,256,256,256,256,256,256,256,256,256,256,0
0,256,256,256,256,256,256,256,256,256,256,256,256,256,256,256,256,256,256,256,256,256,256,256,256,256,256,294,366,366,366,362,256,256,256,256,256,256,256,256,310,383,511,511,511,495,458,256,256,256,256,256,256,256,256,256,358,366,366,330,256,256,256,256,256,256,256,256,256,256,256,256,256,256,256,256,256,256,256,256,256,256,256,256,256,256,256,256,256,256,256,256,256,256,256,256,256,256,256,256,256,310,383,511,511,511,495,458,256,256,256,256,256,256,256,256,256,256,256,256,256,256,256,256,256,256,256,0
0,256,256,256,256,256,256,256,256,256,256,256,256,256,256,256,256,256,256,256,256,256,256,256,256,256,256,311,511,511,511,495,494,366,366,366,366,366,330,256,311,511,511,511,511,511,459,256,294,366,366,366,366,366,366,382,383,511,511,459,256,256,256,256,256,256,256,256,256,256,256,256,256,256,256,256,256,256,256,256,256,256,256,256,256,256,256,256,256,256,256,256,256,256,256,256,256,256,256,256,256,311,511,511,511,511,511,459,256,256,256,256,256,256,256,256,256,256,256,256,256,256,256,256,256,256,256,0
0,256,256,256,256,256,256,256,256,256,256,256,256,256,256,256,256,256,256,256,256,256,256,256,256,256,256,311,511,511,511,511,511,511,511,511,511,511,491,256,375,511,511,511,511,511,491,256,375,511,511,511,511,511,511,511,511,511,511,459,256,256,256,256,256,256,256,256,256,256,256,256,256,256,256,256,256,256,256,256,256,256,256,256,256,256,256,256,256,256,256,256,256,256,256,256,256,256,256,256,256,311,511,511,511,511,511,459,256,256,256,256,256,256,256,256,256,256,256,256,256,256,256,256,256,256,256,0
0,256,256,256,256,256,256,256,256,256,256,256,256,256,256,256,256,256,256,256,256,256,256,256,256,256,256,277,445,447,511,511,511,511,511,511,511,511,495,510,383,511,511,511,511,511,495,510,383,511,511,511,511,511,511,511,511,511,479,457,256,256,256,256,256,256,256,256,256,256,256,256,256,256,256,256,256,256,256,256,256,256,256,256,256,256,256,256,256,256,256,256,256,256,256,256,256,256,256,256,256,311,511,511,511,511,511,459,256,256,256,256,256,256,256,256,256,256,256,256,256,256,256,256,256,256,256,0
0,256,256,256,256,256,256,256,256,256,256,256,256,256,256,256,256,256,256,256,256,256,256,256,256,256,256,256,256,439,511,511,511,511,511,511,511,511,511,511,511,511,511,511,511,511,511,511,511,511,511,511,511,511,511,511,511,511,475,256,256,294,366,366,366,362,256,256,256,256,256,256,256,256,358,366,366,330,256,256,256,256,256,256,256,256,256,256,256,256,256,256,256,256,256,256,256,256,256,256,256,311,511,511,511,511,511,459,256,256,256,256,256,256,256,256,256,256,256,256,256,256,256,256,256,256,256,0
0,256,256,256,256,256,256,256,256,256,256,256,256,256,256,256,256,256,256,256,256,256,256,256,256,256,256,256,256,311,511,511,511,511,511,511,511,511,511,511,511,511,511,511,511,511,511,511,511,511,479,509,447,511,511,511,511,511,459,256,256,309,447,511,511,463,492,302,366,366,366,334,364,318,383,511,511,459,256,256,256,256,256,256,256,256,256,256,256,256,256,256,256,256,256,256,256,256,256,256,256,311,511,511,511,511,511,459,256,256,256,256,256,256,256,256,256,256,256,256,256,256,256,256,256,256,256,0
0,256,256,256,256,256,256,256,256,256,256,256,256,256,256,256,256,256,256,256,256,256,256,256,256,256,256,256,256,375,511,511,511,511,511,511,511,511,511,511,511,511,511,511,511,511,511,511,511,479,473,512,437,447,511,511,511,511,491,256,256,256,503,511,511,507,256,503,511,511,511,507,256,503,511,511,511,459,256,256,256,256,256,256,256,256,256,256,256,256,256,256,256,256,256,256,256,256,256,256,256,311,511,511,511,511,511,459,256,256,256,256,256,256,256,256,256,256,256,256,256,256,256,256,256,256,256,0
0,256,256,256,256,256,256,256,256,256,256,256,256,256,256,256,256,256,256,256,256,256,256,256,256,256,256,256,310,383,511,511,511,511,511,511,511,511,511,511,511,511,511,511,511,511,511,511,511,507,512,512,512,503,511,511,511,511,463,456,256,310,383,511,511,495,510,383,511,511,511,495,510,383,511,511,511,459,256,256,256,256,256,256,256,256,256,256,256,256,256,256,256,256,256,256,256,256,256,256,256,311,511,511,511,511,511,459,256,256,256,256,256,256,256,256,256,256,256,256,256,256,256,256,256,256,256,0
0,256,256,256,256,256,256,256,256,256,256,256,256,256,256,256,256,256,256,256,256,256,256,256,256,256,256,256,311,511,511,511,511,511,511,511,511,511,511,511,511,511,511,511,511,511,511,511,511,495,746,512,630,383,511,511,511,511,475,256,256,311,511,511,511,511,511,511,511,511,511,511,511,511,511,511,511,459,256,256,256,256,256,256,256,256,256,256,256,256,256,256,256,256,256,256,256,256,256,256,256,311,511,511,511,511,511,459,256,256,256,256,256,256,256,256,256,256,256,256,256,256,256,256,256,256,256,0
0,256,256,256,256,256,256,256,256,256,256,256,256,256,256,256,256,256,256,256,256,256,256,256,256,256,256,256,375,511,511,511,511,511,511,511,511,511,511,511,511,511,511,511,511,511,511,511,511,511,495,766,383,511,511,511,511,511,459,256,256,311,511,511,511,511,511,511,511,511,511,511,511,511,511,511,511,459,256,256,256,256,256,256,256,256,256,256,256,256,256,256,256,256,256,256,256,256,256,256,256,311,511,511,511,511,511,459,256,256,256,256,256,256,256,256,256,256,256,256,256,256,256,256,256,256,256,0
0,256,256,256,256,256,256,256,256,256,256,256,256,256,256,256,256,256,256,256,256,256,256,256,256,256,256,310,383,511,511,511,511,511,511,511,511,511,511,511,511,511,511,511,511,511,511,511,511,511,511,511,511,511,511,511,511,511,459,256,256,311,511,511,511,511,511,511,511,511,511,511,511,511,511,511,479,457,256,256,256,256,256,256,256,256,256,256,256,256,256,256,256,256,256,256,256,256,256,256,256,311,511,511,511,511,511,459,256,256,256,256,256,256,256,256,256,256,256,256,256,256,256,256,256,256,256,0
0,256,256,256,256,256,256,256,256,256,256,256,256,256,256,256,256,256,256,256,256,256,256,256,256,256,256,311,511,511,511,511,511,511,511,511,511,511,479,509,447,511,511,511,511,511,479,509,447,511,511,511,511,511,511,511,479,477,393,256,256,277,413,445,447,511,511,511,511,511,511,511,511,511,479,509,411,256,256,256,256,256,256,256,256,256,256,256,256,256,256,256,256,256,256,256,256,256,256,256,256,311,511,511,511,511,511,459,256,256,256,256,256,256,256,256,256,256,256,256,256,256,256,256,256,256,256,0
0,256,256,256,256,256,256,256,256,256,256,256,256,256,256,256,256,256,256,256,256,256,256,256,256,256,256,311,511,511,511,511,511,511,511,511,511,511,507,256,503,511,479,509,447,511,507,256,503,511,511,511,511,511,511,511,507,256,256,256,256,256,256,256,503,511,511,511,511,511,511,511,511,511,507,256,451,256,256,256,256,256,256,256,256,256,256,256,256,256,256,256,256,256,256,256,256,256,256,256,256,311,511,511,511,511,511,459,256,256,256,256,256,256,256,256,256,256,256,256,256,256,256,256,256,256,256,0
0,256,256,256,256,256,256,256,256,256,256,256,256,256,256,256,256,256,256,256,256,256,256,256,256,256,256,311,511,511,511,511,511,511,511,511,511,511,495,510,383,511,475,256,439,511,495,510,383,511,511,511,511,511,511,511,495,494,362,256,256,358,366,382,383,511,511,511,511,511,511,511,511,511,495,510,331,256,256,256,256,256,256,256,256,256,256,256,256,256,256,256,256,256,256,256,256,256,256,256,256,309,447,511,511,511,479,457,256,256,256,256,256,256,256,256,256,256,256,256,256,256,256,256,256,256,256,0
0,256,256,256,256,256,256,256,256,256,256,256,256,256,256,256,256,256,256,256,256,256,256,256,256,256,256,311,511,511,511,511,511,511,511,511,511,511,511,511,511,511,459,256,309,447,511,511,511,511,511,511,511,511,511,511,511,511,495,494,382,383,511,511,511,511,511,511,511,511,511,511,511,511,511,511,459,256,256,256,256,256,256,256,256,256,256,256,256,256,256,256,256,256,256,256,256,256,256,256,256,256,503,511,511,511,507,256,256,256,256,256,256,256,256,256,256,256,256,256,256,256,256,256,256,256,256,0
0,256,256,256,256,256,256,256,256,256,256,256,256,256,256,256,256,256,256,256,256,256,256,256,256,256,256,311,511,511,511,511,511,511,479,509,447,511,511,479,509,447,459,256,256,405,445,447,511,511,511,511,511,511,511,511,511,511,511,511,511,511,511,511,511,511,511,511,511,511,511,511,511,511,511,511,459,256,256,256,256,256,256,256,256,256,256,256,256,256,256,256,256,256,294,366,366,366,366,366,366,382,383,511,511,511,495,494,366,366,366,366,366,366,330,256,256,256,256,256,256,256,256,256,256,256,256,0
0,256,256,256,256,256,256,256,256,256,256,256,256,256,256,256,256,256,256,256,256,256,256,256,256,256,256,311,511,511,511,511,511,479,473,512,437,447,511,507,256,503,491,256,256,256,256,503,511,511,511,511,511,511,511,511,511,511,511,511,511,511,511,511,511,511,511,511,511,511,511,511,511,511,511,511,459,256,256,256,256,256,256,256,256,256,256,256,256,256,256,256,256,256,311,511,511,511,511,511,511,511,511,511,479,509,447,511,511,511,511,511,511,511,459,256,256,256,256,256,256,256,256,256,256,256,256,0
0,256,256,256,256,256,256,256,256,256,256,256,256,256,256,256,256,256,256,256,256,256,256,256,256,256,256,311,511,511,511,511,511,507,512,512,512,503,511,495,510,383,495,494,366,366,382,383,511,511,511,511,511,511,511,511,511,511,511,511,511,511,511,511,511,511,511,511,511,511,511,511,511,511,479,509,395,256,256,256,256,256,256,256,256,256,256,256,256,256,256,256,256,256,311,511,511,511,511,511,511,511,511,479,473,512,437,447,511,511,511,511,511,511,459,256,256,256,256,256,256,256,256,256,256,256,256,0
0,256,256,256,256,256,256,256,256,256,256,256,256,256,256,256,256,256,256,256,256,256,256,256,256,256,256,311,511,511,511,511,511,495,746,512,630,383,511,511,511,511,479,509,447,511,511,511,511,511,511,511,511,511,511,511,511,511,479,477,445,447,511,511,511,511,511,511,511,511,511,511,511,511,507,256,451,256,256,256,256,256,256,256,256,256,256,256,256,256,256,256,256,256,311,511,511,511,511,511,511,511,511,507,512,512,512,503,511,511,511,511,511,511,459,256,256,256,256,256,256,256,256,256,256,256,256,0
0,256,256,256,256,256,256,256,256,256,256,256,256,256,256,256,256,256,256,256,256,256,256,256,256,256,256,311,511,511,511,511,511,511,495,766,383,511,479,509,447,511,507,256,503,511,479,509,447,511,511,511,511,511,511,511,479,477,409,256,256,405,413,445,447,511,511,511,511,511,511,511,511,511,495,510,363,256,256,256,256,256,256,256,256,256,256,256,256,256,256,256,256,256,311,511,511,511,511,511,511,511,511,495,714,512,564,319,479,477,445,447,511,511,459,256,256,256,256,256,256,256,256,256,256,256,256,0
0,256,256,256,256,256,256,256,256,256,256,256,256,256,256,256,256,256,256,256,256,256,256,256,256,256,256,311,511,511,511,511,511,511,511,511,511,511,507,256,503,511,495,510,383,511,507,256,503,511,511,511,511,511,511,511,507,256,256,256,256,256,256,256,503,511,511,511,511,511,511,511,511,511,511,511,495,458,256,256,256,256,256,256,256,256,256,256,256,256,256,256,256,256,311,511,511,511,511,479,477,413,413,413,393,512,256,1207,1243,256,256,405,413,413,393,256,256,256,256,256,256,256,256,256,256,256,256,0
0,256,256,256,256,256,256,256,256,256,256,256,256,256,256,256,256,256,256,256,256,256,256,256,256,256,256,309,447,511,511,511,511,511,511,511,511,511,495,510,383,511,511,511,511,511,495,510,383,511,511,511,511,511,511,511,495,494,334,328,256,294,366,382,383,511,511,511,511,511,511,511,511,511,511,511,511,459,256,256,256,256,256,256,256,256,256,256,256,256,256,256,256,256,311,511,511,511,511,475,256,256,256,256,256,256,256,1079,1227,256,256,256,256,256,256,256,256,256,256,256,256,256,256,256,256,256,256,0
0,256,256,256,256,256,256,256,256,256,256,256,256,256,256,256,256,256,256,256,256,256,256,256,256,256,256,256,439,511,511,511,511,511,511,511,511,511,511,511,511,511,511,511,511,511,511,511,511,511,511,511,511,511,511,511,511,511,475,256,256,311,511,511,479,509,447,511,511,511,511,511,511,511,511,511,511,491,256,358,366,366,366,366,366,366,366,366,366,366,366,366,362,256,375,511,511,511,511,459,256,294,366,362,256,256,256,1143,1259,256,256,358,366,334,328,256,256,256,256,256,256,256,256,256,256,256,256,0
0,256,256,256,256,256,256,256,256,256,256,256,256,256,256,256,256,256,256,256,256,256,256,256,256,256,256,256,311,511,511,511,511,511,511,511,511,511,511,511,511,511,511,511,511,511,511,511,511,511,511,511,511,511,511,511,511,511,459,256,256,311,511,479,473,512,437,447,511,511,511,511,511,511,511,511,511,495,510,383,511,511,511,511,511,511,511,511,511,511,511,511,495,510,383,511,511,511,511,459,256,311,511,495,494,366,382,1151,1263,494,382,383,511,475,256,256,256,256,256,256,256,256,256,256,256,256,256,0
0,256,256,256,256,256,256,256,256,256,256,256,256,256,256,256,256,256,256,256,256,256,256,256,256,256,256,256,375,511,511,511,511,511,511,511,511,511,511,511,511,511,511,511,511,511,511,511,511,511,511,511,511,511,511,511,511,511,459,256,256,311,511,507,512,512,512,503,511,511,511,511,511,511,511,511,511,511,511,511,511,511,511,511,511,511,511,511,511,511,511,511,511,511,511,511,511,511,511,459,256,311,511,511,511,511,511,479,509,447,511,511,511,459,256,256,256,256,256,256,256,256,256,256,256,256,256,0
0,256,256,256,256,256,256,256,256,256,256,256,256,256,256,256,256,256,256,256,256,256,256,256,256,256,256,310,383,511,511,511,511,511,511,511,511,511,511,511,511,511,511,511,511,511,511,511,511,511,511,511,511,511,511,511,511,511,459,256,256,309,447,495,746,512,630,383,511,511,511,511,511,511,511,511,511,511,511,511,511,511,511,511,511,511,511,511,511,511,511,511,511,511,511,511,511,511,479,457,256,309,447,511,511,511,511,475,256,439,511,511,511,491,256,256,256,256,256,256,256,256,256,256,256,256,256,0
0,256,256,256,256,256,256,256,256,256,256,256,256,256,256,256,256,256,256,256,256,256,256,256,256,256,256,311,511,511,511,511,511,511,511,511,511,511,511,511,511,511,511,511,511,511,511,511,511,511,511,511,511,511,511,511,511,511,459,256,256,256,503,511,495,766,383,511,511,511,511,511,511,511,511,511,511,511,511,511,511,511,511,511,511,511,511,511,511,511,511,511,511,511,511,511,511,511,475,256,256,256,439,511,511,511,511,459,256,311,511,511,511,495,458,256,256,256,256,256,256,256,256,256,256,256,256,0
0,256,256,256,256,256,256,256,256,256,256,256,256,256,256,256,256,256,256,256,256,256,256,256,256,256,256,311,511,511,511,511,511,511,511,511,511,511,511,511,511,511,511,511,511,511,511,511,511,511,511,511,511,511,511,511,511,511,491,256,256,310,383,511,511,511,479,477,413,413,413,445,447,511,511,511,511,479,509,447,511,511,511,511,511,511,511,511,511,511,511,511,479,509,447,511,511,511,491,256,256,256,375,511,479,477,413,393,256,277,413,445,447,511,459,256,256,256,256,256,256,256,256,256,256,256,256,0
0,256,256,256,256,256,256,256,256,256,256,256,256,256,256,256,256,256,256,256,256,256,256,256,256,256,256,311,511,511,511,511,511,511,511,511,511,511,511,511,511,511,511,511,511,511,511,511,511,511,511,511,511,511,511,511,511,511,495,458,256,277,413,413,413,413,409,256,256,256,256,256,405,413,413,413,413,409,256,405,413,413,413,413,413,413,413,413,413,413,413,413,409,256,439,511,511,511,495,1262,1134,1150,383,511,507,256,256,256,256,256,256,256,503,479,457,256,256,256,256,256,256,256,256,256,256,256,256,0
0,256,256,256,256,256,256,256,256,256,256,256,256,256,256,256,256,256,256,256,256,256,256,256,256,256,256,311,511,511,511,511,511,511,511,511,511,511,511,511,511,511,511,511,511,511,511,511,511,511,511,511,511,511,511,511,511,511,511,459,256,256,256,256,256,256,256,256,256,256,256,256,256,256,256,256,256,256,256,256,256,256,256,256,256,256,256,256,256,256,256,256,256,256,311,511,511,511,479,1245,1181,1213,447,511,495,494,366,330,256,294,366,382,383,475,256,256,256,256,256,256,256,256,256,256,256,256,256,0
0,256,256,256,256,256,256,256,256,256,256,256,256,256,256,256,256,256,256,256,256,256,256,256,256,256,256,311,511,511,511,511,511,511,511,511,511,511,511,511,511,511,511,511,511,511,511,511,511,511,511,511,511,511,511,511,511,511,511,459,256,256,256,256,256,256,256,256,256,256,256,256,256,256,256,256,256,256,256,256,256,256,256,256,256,256,256,256,256,256,256,256,256,256,311,511,511,511,475,1024,1024,1024,439,511,511,511,511,459,256,311,511,511,511,459,256,256,256,256,256,256,256,256,256,256,256,256,256,0
0,256,256,256,256,256,256,256,256,256,256,256,256,256,256,256,256,256,256,256,256,256,256,256,256,256,256,309,447,511,511,511,511,479,477,413,445,447,511,511,511,511,511,511,511,511,511,511,511,479,477,413,445,447,511,511,511,511,511,459,256,256,256,256,256,256,256,256,256,256,256,256,256,256,256,256,256,256,256,256,256,256,256,256,256,256,256,256,256,256,256,256,256,256,311,511,511,511,459,256,256,256,375,511,511,511,511,491,256,375,511,511,511,491,256,256,256,256,256,256,256,256,256,256,256,256,256,0
0,256,256,256,256,256,256,256,256,256,256,256,256,256,256,256,256,256,256,256,256,256,256,256,256,256,256,256,405,413,413,413,413,409,256,256,256,405,413,413,413,413,413,413,413,413,413,413,413,409,256,256,256,405,413,413,413,413,413,393,256,256,256,256,256,256,256,256,256,256,256,256,256,256,256,256,256,256,256,256,256,256,256,256,256,256,256,256,256,256,256,256,256,256,311,511,511,511,491,256,256,310,383,511,511,511,511,495,510,383,511,511,511,495,458,256,256,256,256,256,256,256,256,256,256,256,256,0
0,256,256,256,256,256,256,256,256,256,256,256,256,256,256,256,256,256,256,256,256,256,256,256,256,256,256,256,256,256,256,256,256,256,256,256,256,256,256,256,256,256,256,256,256,256,256,256,256,256,256,256,256,256,256,256,256,256,256,256,256,256,256,256,256,256,256,256,256,256,256,256,256,256,256,256,256,256,256,256,256,256,256,256,256,256,256,256,256,256,256,256,256,256,311,511,511,511,495,458,256,311,511,511,511,511,511,511,511,511,511,511,511,511,459,256,256,256,256,256,256,256,256,256,256,256,256,0
0,256,256,256,256,256,256,256,256,256,256,256,256,256,256,256,256,256,256,256,256,256,256,256,256,256,256,256,256,256,256,256,256,256,256,256,256,256,256,256,256,256,256,256,256,256,256,256,256,256,256,256,256,256,256,256,256,256,256,256,256,256,256,256,256,256,256,256,256,256,256,256,256,256,256,256,256,256,256,256,256,256,256,256,256,256,256,256,256,256,256,256,256,256,309,447,511,511,511,459,256,311,511,511,511,511,511,511,511,511,511,511,511,511,459,256,256,256,256,256,256,256,256,256,256,256,256,0
0,256,256,256,256,256,256,256,256,256,256,256,256,256,256,256,256,256,256,256,256,256,256,256,256,256,256,256,256,256,256,256,256,256,256,256,256,256,256,256,256,256,256,256,256,256,256,256,256,256,256,256,256,256,256,256,256,256,256,256,256,256,256,256,256,256,256,256,256,256,256,256,256,256,256,256,256,256,256,256,256,256,256,256,256,256,256,256,256,256,256,256,256,256,256,405,413,413,413,393,256,277,413,413,413,413,413,413,413,413,413,413,413,413,393,256,256,256,256,256,256,256,256,256,256,256,256,0
0,256,256,256,256,256,256,256,256,256,256,256,256,256,256,256,256,256,256,256,256,256,256,256,256,256,256,256,256,256,256,256,256,256,256,256,256,256,256,256,256,256,256,256,256,256,256,256,256,256,256,256,256,256,256,256,256,256,256,256,256,256,256,256,256,256,256,256,256,256,256,256,256,256,256,256,256,256,256,256,256,256,256,256,256,256,256,256,256,256,256,256,256,256,256,256,256,256,256,256,256,256,256,256,256,256,256,256,256,256,256,256,256,256,256,256,256,256,256,256,256,256,256,256,256,256,256,0
0,256,256,256,256,256,256,256,256,256,256,256,256,256,256,256,256,256,256,256,256,256,256,256,256,256,256,256,256,256,256,256,256,256,256,256,256,256,256,256,256,256,256,256,256,256,256,256,256,256,256,256,256,256,256,256,256,256,256,256,256,256,256,256,256,256,256,256,256,256,256,256,256,256,256,256,256,256,256,256,256,256,256,256,256,256,256,256,256,256,256,256,256,256,256,256,256,256,256,256,256,256,256,256,256,256,256,256,256,256,256,256,256,256,256,256,256,256,256,256,256,256,256,256,256,256,256,0
0,256,256,256,256,256,256,256,256,256,256,256,256,256,256,256,256,256,256,256,256,256,256,256,256,256,256,256,256,256,256,256,256,256,256,256,256,256,256,256,256,256,256,256,256,256,256,256,256,256,256,256,256,256,256,256,256,256,256,256,256,256,256,256,256,256,256,256,256,256,256,256,256,256,256,256,256,256,256,256,256,256,256,256,256,256,256,256,256,256,256,256,256,256,256,256,256,256,256,256,256,256,256,256,256,256,256,256,256,256,256,256,256,256,256,256,256,256,256,256,256,256,256,256,256,256,256,0
0,256,256,256,256,256,256,256,256,256,256,256,256,256,256,256,256,256,256,256,256,256,256,256,256,256,256,256,256,256,256,256,256,256,256,256,256,256,256,256,256,256,256,256,256,256,256,256,256,256,256,256,256,256,256,256,256,256,256,256,256,256,256,256,256,256,256,256,256,256,256,256,256,256,256,256,256,256,256,256,256,256,256,256,256,256,256,256,256,256,256,256,256,256,256,256,256,256,256,256,256,256,256,256,256,256,256,256,256,256,256,256,256,256,256,256,256,256,256,256,256,256,256,256,256,256,256,0
0,256,256,256,256,256,256,256,256,256,256,256,256,256,256,256,256,256,256,256,256,256,256,256,256,256,256,256,256,256,256,256,256,256,256,256,256,256,256,256,256,256,256,256,256,256,256,256,256,256,256,256,256,256,256,256,256,256,256,256,256,256,256,256,256,256,256,256,256,256,256,256,256,256,256,256,256,256,256,256,256,256,256,256,256,256,256,256,256,256,256,256,256,256,256,256,256,256,256,256,256,256,256,256,256,256,256,256,256,256,256,256,256,256,256,256,256,256,256,256,256,256,256,256,256,256,256,0
0,256,256,256,256,256,256,256,256,256,256,256,256,256,256,256,256,256,256,256,256,256,256,256,256,256,256,256,256,256,256,256,256,256,256,256,256,256,256,256,256,256,256,256,256,256,256,256,256,256,256,256,256,256,256,256,256,256,256,256,256,256,256,256,256,256,256,256,256,256,256,256,256,256,256,256,256,256,256,256,256,256,256,256,256,256,256,256,256,256,256,256,256,256,256,256,256,256,256,256,256,256,256,256,256,256,256,256,256,256,256,256,256,256,256,256,256,256,256,256,256,256,256,256,256,256,256,0
0,256,256,256,256,256,256,256,256,256,256,256,256,256,256,256,256,256,256,256,256,256,256,256,256,256,256,256,256,256,256,256,256,256,256,256,256,256,256,256,256,256,256,256,256,256,256,256,256,256,256,256,256,256,256,256,256,256,256,256,256,256,256,256,256,256,256,256,256,256,256,256,256,256,256,256,256,256,256,256,256,256,256,256,256,256,256,256,256,256,256,256,256,256,256,256,256,256,256,256,256,256,256,256,256,256,256,256,256,256,256,256,256,256,256,256,256,256,256,256,256,256,256,256,256,256,256,0
0,256,256,256,256,256,256,256,256,256,256,256,256,256,256,256,256,256,256,256,256,256,256,256,256,256,256,256,256,256,256,256,256,256,256,256,256,256,256,256,256,256,256,256,256,256,256,256,256,256,256,256,256,256,256,256,256,256,256,256,256,256,256,256,256,256,256,256,256,256,256,256,256,256,256,256,256,256,256,256,256,256,256,256,256,256,256,256,256,256,256,256,256,256,256,256,256,256,256,256,256,256,256,256,256,256,256,256,256,256,256,256,256,256,256,256,256,256,256,256,256,256,256,256,256,256,256,0
0,256,256,256,256,256,256,256,256,256,256,256,256,256,256,256,256,256,256,256,256,256,256,256,256,256,256,256,256,256,256,256,256,256,256,256,256,256,256,256,256,256,256,256,256,256,256,256,256,256,256,256,256,256,256,256,256,256,256,256,256,256,256,256,256,256,256,256,256,256,256,256,256,256,256,256,256,256,256,256,256,256,256,256,256,256,256,256,256,256,256,256,256,256,256,256,256,256,256,256,256,256,256,256,256,256,256,256,256,256,256,256,256,256,256,256,256,256,256,256,256,256,256,256,256,256,256,0
0,256,256,256,256,256,256,256,256,256,256,256,256,256,256,256,256,256,256,256,256,256,256,256,256,256,256,256,256,256,256,256,256,256,256,256,256,256,256,256,256,256,256,256,256,256,256,256,256,256,256,256,256,256,256,256,256,256,256,256,256,256,256,256,256,256,256,256,256,256,256,256,256,256,256,256,256,256,256,256,256,256,256,256,256,256,256,256,256,256,256,256,256,256,256,256,256,256,256,256,256,256,256,256,256,256,256,256,256,256,256,256,256,256,256,256,256,256,256,256,256,256,256,256,256,256,256,0
0,256,256,256,256,256,256,256,256,256,256,256,256,256,256,256,256,256,256,256,256,256,256,256,256,256,256,256,256,256,256,256,256,256,256,256,256,256,256,256,256,256,256,256,256,256,256,256,256,256,256,256,256,256,256,256,256,256,256,256,256,256,256,256,256,256,256,256,256,256,256,256,256,256,256,256,256,256,256,256,256,256,256,256,256,256,256,256,256,256,256,256,256,256,256,256,256,256,256,256,256,256,256,256,256,256,256,256,256,256,256,256,256,256,256,256,256,256,256,256,256,256,256,256,256,256,256,0
0,256,256,256,256,256,256,256,256,256,256,256,256,256,256,256,256,256,256,256,256,256,256,256,256,256,256,256,256,256,256,256,256,256,256,256,256,256,256,256,256,256,256,256,256,256,256,256,256,256,256,256,256,256,256,256,256,256,256,256,256,256,256,256,256,256,256,256,256,256,256,256,256,256,256,256,256,256,256,256,256,256,256,256,256,256,256,256,256,256,256,256,256,256,256,256,256,256,256,256,256,256,256,256,256,256,256,256,256,256,256,256,256,256,256,256,256,256,256,256,256,256,256,256,256,256,256,0
0,256,256,256,256,256,256,256,256,256,256,256,256,256,256,256,256,256,256,256,256,256,256,256,256,256,256,256,256,256,256,256,256,256,256,256,256,256,256,256,256,256,256,256,256,256,256,256,256,256,256,256,256,256,256,256,256,256,256,256,256,256,256,256,256,256,256,256,256,256,256,256,256,256,256,256,256,256,256,256,256,256,256,256,256,256,256,256,256,256,256,256,256,256,256,256,256,256,256,256,256,256,256,256,256,256,256,256,256,256,256,256,256,256,256,256,256,256,256,256,256,256,256,256,256,256,256,0
0,256,256,256,256,256,256,256,256,256,256,256,256,256,256,256,256,256,256,256,256,256,256,256,256,256,256,256,256,256,256,256,256,256,256,256,256,256,256,256,256,256,256,256,256,256,256,256,256,256,256,256,256,256,256,256,256,256,256,256,256,256,256,256,256,256,256,256,256,256,256,256,256,256,256,256,256,256,256,256,256,256,256,256,256,256,256,256,256,256,256,256,256,256,256,256,256,256,256,256,256,256,256,256,256,256,256,256,256,256,256,256,256,256,256,256,256,256,256,256,256,256,256,256,256,256,256,0
0,256,256,256,256,256,256,256,256,256,256,256,256,256,256,256,256,256,256,256,256,256,256,256,256,256,256,256,256,256,256,256,256,256,256,256,256,256,256,256,256,256,256,256,256,256,256,256,256,256,256,256,256,256,256,256,256,256,256,256,256,256,256,256,256,256,256,256,256,256,256,256,256,256,256,256,256,256,256,256,256,256,256,256,256,256,256,256,256,256,256,256,256,256,256,256,256,256,256,256,256,256,256,256,256,256,256,256,256,256,256,256,256,256,256,256,256,256,256,256,256,256,256,256,256,256,256,0
0,256,256,256,256,256,256,256,256,256,256,256,256,256,256,256,256,256,256,256,256,256,256,256,256,256,256,256,256,256,256,256,256,256,256,256,256,256,256,256,256,256,256,256,256,256,256,256,256,256,256,256,256,256,256,256,256,256,256,256,256,256,256,256,256,256,256,256,256,256,256,256,256,256,256,256,256,256,256,256,256,256,256,256,256,256,256,256,256,256,256,256,256,256,256,256,256,256,256,256,256,256,256,256,256,256,256,256,256,256,256,256,256,256,256,256,256,256,256,256,256,256,256,256,256,256,256,0
0,0,0,0,0,0,0,0,0,0,0,0,0,0,0,0,0,0,0,0,0,0,0,0,0,0,0,0,0,0,0,0,0,0,0,0,0,0,0,0,0,0,0,0,0,0,0,0,0,0,0,0,0,0,0,0,0,0,0,0,0,0,0,0,0,0,0,0,0,0,0,0,0,0,0,0,0,0,0,0,0,0,0,0,0,0,0,0,0,0,0,0,0,0,0,0,0,0,0,0,0,0,0,0,0,0,0,0,0,0,0,0,0,0,0,0,0,0,0,0,0,0,0,0,0,0,0,0
